{
  "(11, 3)": {
    "mean_losses": 0.02192806825041771,
    "mean_pearson_correlations": [
      [
        0.9999999999999996,
        0.022338395374433998,
        -0.0057122366484898155,
        -0.018847156782253245,
        -0.010538886246823653,
        -0.009071279163300756,
        -0.004042456651416431,
        -0.015574997496044945,
        -0.02064428375215875,
        -0.014713849402156204,
        -0.017309067455257784,
        -0.03343912970245546
      ],
      [
        0.022338395374433998,
        1.0,
        -0.23714972904467685,
        0.10667763471698354,
        0.013697859377911147,
        0.181112812338721,
        -0.04607208631760839,
        0.02198216834803386,
        -0.07462740395180584,
        -0.09660028122512859,
        -0.08078884475560878,
        -0.01312005525232301
      ],
      [
        -0.005712236648489824,
        -0.23714972904467682,
        0.9999999999999991,
        -0.03863388118697944,
        -0.039664576628026645,
        -0.07972171125886404,
        0.09597450285915113,
        -0.03466958169656689,
        -0.09045503585773133,
        0.04669811027804451,
        0.03686616040276833,
        -0.03727830393553257
      ],
      [
        -0.01884715678225324,
        0.10667763471698354,
        -0.038633881186979455,
        1.0,
        0.004582091264890415,
        -0.02345815206772967,
        -0.03325707863696155,
        -0.07158633622482367,
        0.006675095039403754,
        -0.05611193572826906,
        -0.1309373737498073,
        0.046969732503785465
      ],
      [
        -0.010538886246823656,
        0.013697859377911152,
        -0.03966457662802668,
        0.004582091264890381,
        1.0,
        -0.03776372674669013,
        -0.02938784481563252,
        0.1608762436683179,
        -0.01749951563798542,
        0.0888270938333167,
        -0.026539320131222545,
        -0.018020243192431812
      ],
      [
        -0.009071279163300756,
        0.18111281233872106,
        -0.07972171125886407,
        -0.023458152067729655,
        -0.03776372674669014,
        1.0,
        -0.09356989457332805,
        -0.08743845827457815,
        0.10040911088361781,
        -0.08128695194228067,
        -0.020390070437491456,
        -0.011325900754922423
      ],
      [
        -0.004042456651416437,
        -0.0460720863176084,
        0.09597450285915095,
        -0.03325707863696155,
        -0.02938784481563252,
        -0.09356989457332801,
        1.0,
        -0.10260903515831556,
        -0.01997468082728022,
        -0.07565724225641257,
        -0.067637979469904,
        0.005308227010264757
      ],
      [
        -0.015574997496044938,
        0.021982168348033876,
        -0.03466958169656686,
        -0.07158633622482365,
        0.1608762436683179,
        -0.0874384582745781,
        -0.10260903515831558,
        1.0,
        0.07845825127858205,
        0.05377315659691698,
        0.027673006702093713,
        0.03513883500680508
      ],
      [
        -0.020644283752158748,
        -0.07462740395180587,
        -0.09045503585773126,
        0.006675095039403742,
        -0.017499515637985418,
        0.10040911088361777,
        -0.0199746808272802,
        0.07845825127858204,
        0.9999999999999999,
        -0.07260885487953772,
        0.04285927247645322,
        0.010316554102111861
      ],
      [
        -0.0147138494021562,
        -0.09660028122512859,
        0.0466981102780444,
        -0.05611193572826906,
        0.08882709383331676,
        -0.08128695194228072,
        -0.07565724225641253,
        0.05377315659691696,
        -0.07260885487953772,
        1.0,
        0.013373871955114627,
        -0.02980617729121388
      ],
      [
        -0.01730906745525778,
        -0.08078884475560878,
        0.03686616040276846,
        -0.1309373737498073,
        -0.026539320131222545,
        -0.020390070437491498,
        -0.06763797946990403,
        0.027673006702093737,
        0.04285927247645325,
        0.013373871955114634,
        1.0,
        0.015221121596516679
      ],
      [
        -0.03343912970245521,
        -0.013120055252323057,
        -0.037278303935531214,
        0.04696973250378589,
        -0.018020243192434296,
        -0.011325900754921556,
        0.005308227010265425,
        0.03513883500680518,
        0.010316554102112829,
        -0.029806177291213504,
        0.01522112159651699,
        0.9999999999999553
      ]
    ],
    "mean_real_fourier_pearson_correlations": [
      [
        1.0,
        -0.05004269229844729,
        0.26302276315805684,
        0.06483032411773476,
        0.12465463298836087,
        0.0498095051347351,
        -0.006387870001335767,
        -0.09786303170666091,
        -0.16309672572752304,
        -0.06741795962434083,
        -0.2537305029373204
      ],
      [
        -0.05004269229844729,
        1.0,
        -0.07123370055382411,
        -0.09319340070487653,
        0.0667495615959084,
        0.14786119467648226,
        0.0023067701871532357,
        -0.0059430850778409705,
        0.033872613200054164,
        -0.06696601818382476,
        0.019867087185592665
      ],
      [
        0.26302276315805684,
        -0.07123370055382411,
        1.0,
        0.08108037822895157,
        -0.006415024967822779,
        0.017350799104855135,
        -0.11560365028690242,
        0.11718395068787153,
        -0.08651620521449348,
        -0.10159283056279689,
        0.061983548426878414
      ],
      [
        0.06483032411773476,
        -0.09319340070487658,
        0.08108037822895159,
        1.0,
        -0.03968826584082748,
        -0.06370795748134457,
        0.026335263269338754,
        -0.15047282502750925,
        -0.005610554499783372,
        0.039333890451383045,
        0.014054666071343157
      ],
      [
        0.12465463298836083,
        0.06674956159590839,
        -0.00641502496782278,
        -0.03968826584082749,
        1.0,
        0.023730806305182782,
        -0.06777701281258686,
        0.12970319489877152,
        -0.17247307065797032,
        -0.04384579565381174,
        -0.14263522073199397
      ],
      [
        0.04980950513473509,
        0.14786119467648226,
        0.017350799104855142,
        -0.06370795748134458,
        0.023730806305182792,
        1.0,
        -0.056999144478585874,
        -0.02540207808535701,
        0.016950061910231927,
        -0.10131366856675894,
        0.15155429665172065
      ],
      [
        -0.006387870001335763,
        0.002306770187153253,
        -0.11560365028690242,
        0.026335263269338743,
        -0.06777701281258686,
        -0.05699914447858587,
        1.0,
        0.0006582647388584539,
        0.0967301861531567,
        0.017894236195899856,
        0.049842512417102934
      ],
      [
        -0.09786303170666093,
        -0.0059430850778409835,
        0.11718395068787153,
        -0.15047282502750922,
        0.12970319489877155,
        -0.02540207808535702,
        0.0006582647388584772,
        1.0,
        -0.012395825378791882,
        -0.05083535517356001,
        0.08152528867594132
      ],
      [
        -0.16309672572752304,
        0.03387261320005421,
        -0.08651620521449349,
        -0.005610554499783355,
        -0.17247307065797035,
        0.01695006191023194,
        0.09673018615315669,
        -0.012395825378791844,
        1.0,
        -0.03751770101001961,
        0.10679227299523099
      ],
      [
        -0.0674179596243408,
        -0.06696601818382475,
        -0.10159283056279689,
        0.03933389045138302,
        -0.04384579565381176,
        -0.10131366856675891,
        0.01789423619589984,
        -0.05083535517356002,
        -0.037517701010019604,
        1.0,
        0.07743542419918323
      ],
      [
        -0.25373050293732047,
        0.01986708718559267,
        0.061983548426878435,
        0.014054666071343177,
        -0.14263522073199394,
        0.15155429665172065,
        0.04984251241710294,
        0.0815252886759413,
        0.10679227299523099,
        0.07743542419918324,
        1.0
      ]
    ],
    "mean_imag_fourier_pearson_correlations": [
      [
        1.0,
        -0.16199205649519224,
        0.09116242420838284,
        -0.09401838196423151,
        0.1522390445581706,
        0.03916866086718953,
        0.041559273966925186,
        0.05319578924382981,
        0.1581940342156513,
        0.12434761233658465,
        0.1774299906213435
      ],
      [
        -0.16199205649519224,
        1.0,
        -0.02583240565486955,
        -0.12193765195451339,
        -0.018342763595468672,
        0.05964674336279467,
        -0.1696456206633616,
        -0.2222236031836403,
        0.020189346388214215,
        0.1436368270965797,
        0.024418124358086275
      ],
      [
        0.09116242420838284,
        -0.025832405654869554,
        1.0,
        -0.06865470005280505,
        -0.04983128085662075,
        -0.10298081120799235,
        0.1437345652125864,
        -0.14161014507621686,
        -0.01678418243612308,
        -0.07408915513251085,
        -0.002558333020988269
      ],
      [
        -0.09401838196423151,
        -0.12193765195451338,
        -0.06865470005280505,
        1.0,
        -0.008937116304618672,
        -0.06856806465886334,
        0.14893581239106335,
        0.0875473493177929,
        -0.05467993715965023,
        -0.10235396716505825,
        -0.07376421563652284
      ],
      [
        0.15223904455817064,
        -0.01834276359546867,
        -0.04983128085662075,
        -0.008937116304618672,
        1.0,
        -0.09864068823908453,
        0.0019696802829596892,
        0.10000188901824188,
        -0.03605977999726043,
        0.1442018636585205,
        -0.01890498025763502
      ],
      [
        0.03916866086718953,
        0.05964674336279467,
        -0.10298081120799235,
        -0.06856806465886334,
        -0.0986406882390845,
        1.0,
        -0.11743862688305506,
        0.02615967390215163,
        -0.12363948992354022,
        -0.12917661715676435,
        0.10856134153162918
      ],
      [
        0.041559273966925186,
        -0.1696456206633616,
        0.1437345652125864,
        0.14893581239106335,
        0.0019696802829596714,
        -0.11743862688305506,
        1.0,
        0.11089213415257994,
        0.04474072617037843,
        0.048093657264931124,
        0.0038310151216562715
      ],
      [
        0.05319578924382981,
        -0.2222236031836403,
        -0.14161014507621686,
        0.0875473493177929,
        0.10000188901824188,
        0.02615967390215163,
        0.11089213415257994,
        1.0,
        -0.06017626689256037,
        0.0975916303729086,
        0.12758249611679007
      ],
      [
        0.1581940342156513,
        0.020189346388214215,
        -0.01678418243612308,
        -0.05467993715965023,
        -0.03605977999726043,
        -0.12363948992354022,
        0.04474072617037843,
        -0.06017626689256037,
        1.0,
        -0.03926649449276753,
        0.12353018568467783
      ],
      [
        0.12434761233658465,
        0.1436368270965797,
        -0.07408915513251085,
        -0.10235396716505826,
        0.14420186365852047,
        -0.12917661715676432,
        0.048093657264931124,
        0.0975916303729086,
        -0.03926649449276753,
        1.0,
        0.09291008764341083
      ],
      [
        0.17742999062134346,
        0.024418124358086282,
        -0.0025583330209882726,
        -0.07376421563652283,
        -0.018904980257635002,
        0.10856134153162918,
        0.003831015121656267,
        0.12758249611679007,
        0.12353018568467782,
        0.09291008764341084,
        1.0
      ]
    ],
    "mean_distance_correlations": [
      [
        1.0,
        0.3618387763884868,
        0.3328607887559753,
        0.3382880658949318,
        0.3296351072817469,
        0.3301012572759475,
        0.33393394569351775,
        0.3409327126712136,
        0.3369343439618136,
        0.3371027423662783,
        0.3346426833970564,
        0.2920829309860435
      ],
      [
        0.3618387763884868,
        1.0,
        0.6165218989631271,
        0.6626463664145829,
        0.575962142596738,
        0.593654619662513,
        0.641392336134979,
        0.601680068914914,
        0.6402707217652214,
        0.6280296677403564,
        0.5967061890426649,
        0.4434299797312814
      ],
      [
        0.3328607887559753,
        0.6165218989631271,
        1.0,
        0.5758904861621282,
        0.6245406737315098,
        0.5573368151364807,
        0.6328189343777673,
        0.5902663994576288,
        0.5871816479731037,
        0.584169613018465,
        0.5540664659337141,
        0.41281138878936074
      ],
      [
        0.3382880658949318,
        0.6626463664145829,
        0.5758904861621282,
        1.0,
        0.5654757671321488,
        0.6030626399122112,
        0.5861301040131256,
        0.6315726860540544,
        0.6284285876907143,
        0.5961388532452385,
        0.6041831444462581,
        0.44073258462661097
      ],
      [
        0.3296351072817469,
        0.575962142596738,
        0.6245406737315098,
        0.5654757671321488,
        1.0,
        0.5438560334215671,
        0.5740036713325016,
        0.5679039200203457,
        0.6028999109802716,
        0.5865165185718447,
        0.581181035732971,
        0.43317384263027064
      ],
      [
        0.3301012572759475,
        0.593654619662513,
        0.5573368151364807,
        0.6030626399122112,
        0.5438560334215671,
        1.0,
        0.5598010032181209,
        0.5982189671368191,
        0.5776519052551405,
        0.5737438375437798,
        0.6024070594123823,
        0.43730077849309024
      ],
      [
        0.33393394569351775,
        0.641392336134979,
        0.6328189343777673,
        0.5861301040131256,
        0.5740036713325016,
        0.5598010032181209,
        1.0,
        0.6002844971689,
        0.6078674940508162,
        0.5865511027138666,
        0.5808137961663564,
        0.4328240027272428
      ],
      [
        0.3409327126712136,
        0.601680068914914,
        0.5902663994576288,
        0.6315726860540544,
        0.5679039200203457,
        0.5982189671368191,
        0.6002844971689,
        1.0,
        0.603102006542111,
        0.6124552173349782,
        0.5917206291850011,
        0.4464997735572833
      ],
      [
        0.3369343439618136,
        0.6402707217652214,
        0.5871816479731037,
        0.6284285876907143,
        0.6028999109802716,
        0.5776519052551405,
        0.6078674940508162,
        0.603102006542111,
        1.0,
        0.5794251379367911,
        0.6137991286418657,
        0.4442351146344771
      ],
      [
        0.3371027423662783,
        0.6280296677403564,
        0.584169613018465,
        0.5961388532452385,
        0.5865165185718447,
        0.5737438375437798,
        0.5865511027138666,
        0.6124552173349782,
        0.5794251379367911,
        1.0,
        0.5923264401477296,
        0.45590888087587844
      ],
      [
        0.3346426833970564,
        0.5967061890426649,
        0.5540664659337141,
        0.6041831444462581,
        0.581181035732971,
        0.6024070594123823,
        0.5808137961663564,
        0.5917206291850011,
        0.6137991286418657,
        0.5923264401477296,
        1.0,
        0.5074214328948684
      ],
      [
        0.2920829309860435,
        0.4434299797312814,
        0.41281138878936074,
        0.44073258462661097,
        0.43317384263027064,
        0.43730077849309024,
        0.4328240027272428,
        0.4464997735572833,
        0.4442351146344771,
        0.45590888087587844,
        0.5074214328948684,
        1.0
      ]
    ],
    "mean_real_fourier_distance_correlations": [
      [
        1.0,
        0.6531990467113441,
        0.7148501984051271,
        0.6483066349990867,
        0.6864291536166336,
        0.6705976944599861,
        0.6861026974908028,
        0.6747180156679814,
        0.6574410764862243,
        0.6510734904554464,
        0.7027284980819759
      ],
      [
        0.6531990467113441,
        1.0,
        0.8112305211006323,
        0.7917444993524618,
        0.7538218590644428,
        0.7871407663578581,
        0.7661596059947072,
        0.7629853581740638,
        0.7801711878729748,
        0.7318580384524788,
        0.7711935091845524
      ],
      [
        0.7148501984051271,
        0.8112305211006323,
        1.0,
        0.8399441470438638,
        0.8238135749911722,
        0.8192127002160732,
        0.8086823963202876,
        0.8169641156838945,
        0.8085439865642937,
        0.7790376293217836,
        0.8207386441459493
      ],
      [
        0.6483066349990867,
        0.7917444993524618,
        0.8399441470438638,
        1.0,
        0.8264071001345621,
        0.8318681972661605,
        0.810891787204069,
        0.8217691105156,
        0.8013392695841831,
        0.7751998735522109,
        0.8181209994565221
      ],
      [
        0.6864291536166336,
        0.7538218590644428,
        0.8238135749911722,
        0.8264071001345621,
        1.0,
        0.8278800277084604,
        0.8339724453000313,
        0.817352118661609,
        0.8222754296814088,
        0.7939505430021535,
        0.8238539328669997
      ],
      [
        0.6705976944599861,
        0.7871407663578581,
        0.8192127002160732,
        0.8318681972661605,
        0.8278800277084604,
        1.0,
        0.8348821783738732,
        0.8379029478185772,
        0.8300605511929426,
        0.8187119675734352,
        0.8531177238662272
      ],
      [
        0.6861026974908028,
        0.7661596059947072,
        0.8086823963202876,
        0.810891787204069,
        0.8339724453000313,
        0.8348821783738732,
        1.0,
        0.8332035133474761,
        0.8397059063738633,
        0.8198915886469459,
        0.8378286591798201
      ],
      [
        0.6747180156679814,
        0.7629853581740638,
        0.8169641156838945,
        0.8217691105156,
        0.817352118661609,
        0.8379029478185772,
        0.8332035133474761,
        1.0,
        0.8152198338858557,
        0.8273661915130381,
        0.8416250443076888
      ],
      [
        0.6574410764862243,
        0.7801711878729748,
        0.8085439865642937,
        0.8013392695841831,
        0.8222754296814088,
        0.8300605511929426,
        0.8397059063738633,
        0.8152198338858557,
        1.0,
        0.8201436153135424,
        0.8558270994517102
      ],
      [
        0.6510734904554464,
        0.7318580384524788,
        0.7790376293217836,
        0.7751998735522109,
        0.7939505430021535,
        0.8187119675734352,
        0.8198915886469459,
        0.8273661915130381,
        0.8201436153135424,
        1.0,
        0.8241463374691675
      ],
      [
        0.7027284980819759,
        0.7711935091845524,
        0.8207386441459493,
        0.8181209994565221,
        0.8238539328669998,
        0.8531177238662272,
        0.8378286591798201,
        0.8416250443076886,
        0.8558270994517103,
        0.8241463374691677,
        1.0
      ]
    ],
    "mean_imag_fourier_distance_correlations": [
      [
        1.0,
        0.7160080343582373,
        0.7293383776059524,
        0.6813377097188503,
        0.6596569682041239,
        0.6581407975532663,
        0.6276839740832326,
        0.6535806907441646,
        0.6448557369028456,
        0.6148862290876028,
        0.6497969072052422
      ],
      [
        0.7160080343582373,
        1.0,
        0.813980198231714,
        0.7911294768452941,
        0.7615744545578922,
        0.7539528073408751,
        0.7278223098525701,
        0.7381006725805019,
        0.7336506910979468,
        0.7223214286110407,
        0.7112593028608154
      ],
      [
        0.7293383776059524,
        0.813980198231714,
        1.0,
        0.8241406141277102,
        0.8344617896066405,
        0.7973875219279377,
        0.7573815123488705,
        0.7910915429644835,
        0.7776502617954297,
        0.748206037466777,
        0.7595786987572524
      ],
      [
        0.6813377097188503,
        0.7911294768452941,
        0.8241406141277102,
        1.0,
        0.8502926920828948,
        0.8168952984794896,
        0.7916768230216679,
        0.7932102294145893,
        0.8049869295198804,
        0.759850664871328,
        0.7785942215220142
      ],
      [
        0.6596569682041239,
        0.7615744545578922,
        0.8344617896066405,
        0.8502926920828948,
        1.0,
        0.8162976920011531,
        0.8116480898867456,
        0.7948688277504479,
        0.8071089902842913,
        0.7708542562175107,
        0.7833064675847095
      ],
      [
        0.6581407975532663,
        0.7539528073408751,
        0.7973875219279377,
        0.8168952984794896,
        0.8162976920011531,
        1.0,
        0.7968405512625709,
        0.8125174024857188,
        0.814234406115656,
        0.7718742020796836,
        0.7916414234165515
      ],
      [
        0.6276839740832326,
        0.7278223098525701,
        0.7573815123488705,
        0.7916768230216679,
        0.8116480898867456,
        0.7968405512625709,
        1.0,
        0.7999358980772547,
        0.8008738873939307,
        0.7718591723589288,
        0.7970987171572504
      ],
      [
        0.6535806907441646,
        0.7381006725805019,
        0.7910915429644835,
        0.7932102294145893,
        0.7948688277504479,
        0.8125174024857188,
        0.7999358980772547,
        1.0,
        0.8023132297843971,
        0.7911419771446582,
        0.7918890122209372
      ],
      [
        0.6448557369028456,
        0.7336506910979468,
        0.7776502617954297,
        0.8049869295198804,
        0.8071089902842913,
        0.814234406115656,
        0.8008738873939307,
        0.8023132297843971,
        1.0,
        0.7721362278614905,
        0.8243790333881362
      ],
      [
        0.6148862290876028,
        0.7223214286110407,
        0.748206037466777,
        0.759850664871328,
        0.7708542562175107,
        0.7718742020796836,
        0.7718591723589288,
        0.7911419771446582,
        0.7721362278614905,
        1.0,
        0.766918302259286
      ],
      [
        0.6497969072052422,
        0.7112593028608154,
        0.7595786987572524,
        0.7785942215220143,
        0.7833064675847095,
        0.7916414234165515,
        0.7970987171572504,
        0.7918890122209372,
        0.8243790333881362,
        0.7669183022592861,
        1.0
      ]
    ],
    "mean_mutual_info": [
      [
        3.677377517639621,
        0.896435650446157,
        0.8016774822068348,
        0.8181931479125666,
        0.765486063640373,
        0.7327893209292514,
        0.760353918033815,
        0.7849021585424422,
        0.8658544982746968,
        0.7570800604227567,
        0.7412376585984091,
        0.2851050488761544
      ],
      [
        0.896435650446157,
        3.677377517639621,
        1.85561716229416,
        1.8285154605675547,
        1.7067547471137772,
        1.7040194143238703,
        1.746690538107561,
        1.7110670101820813,
        1.7304842102611673,
        1.7106147541853993,
        1.6501144460746873,
        1.0078326783535412
      ],
      [
        0.8016774822068345,
        1.85561716229416,
        3.677377517639621,
        1.6407391125942548,
        1.631390122835979,
        1.555686045114878,
        1.6035553818153017,
        1.5429891520309595,
        1.5650874059391393,
        1.5170878690050598,
        1.4849082345577613,
        0.9584101421813407
      ],
      [
        0.8181931479125666,
        1.8285154605675547,
        1.640739112594255,
        3.677377517639621,
        1.5828677529731825,
        1.6250654587049544,
        1.5821847344930078,
        1.6315111909442965,
        1.611386611562497,
        1.5715545419885046,
        1.566713921369915,
        0.99922910668066
      ],
      [
        0.765486063640373,
        1.7067547471137772,
        1.631390122835979,
        1.5828677529731825,
        3.677377517639621,
        1.5052675632005361,
        1.5474428851468676,
        1.5379452636968063,
        1.5666481215893029,
        1.5079361904389237,
        1.491022320393847,
        0.9555136032848552
      ],
      [
        0.7327893209292514,
        1.7040194143238705,
        1.555686045114878,
        1.6250654587049547,
        1.5052675632005361,
        3.677377517639621,
        1.5308309321172677,
        1.5909582188530353,
        1.5189860935164594,
        1.473896969528621,
        1.5194114829952468,
        0.996157459280927
      ],
      [
        0.7603539180338151,
        1.746690538107561,
        1.6035553818153017,
        1.5821847344930076,
        1.5474428851468678,
        1.5308309321172677,
        3.677377517639621,
        1.5751235943820805,
        1.5718704375953294,
        1.5634955871886103,
        1.515147066399296,
        0.9938301158580299
      ],
      [
        0.7849021585424422,
        1.7110670101820813,
        1.5429891520309595,
        1.6315111909442965,
        1.5379452636968063,
        1.5909582188530356,
        1.5751235943820805,
        3.677377517639621,
        1.5769536736968128,
        1.5574377110441073,
        1.5461421690561443,
        1.0106700082325983
      ],
      [
        0.8658544982746968,
        1.7304842102611673,
        1.5650874059391393,
        1.6113866115624966,
        1.5666481215893029,
        1.5189860935164594,
        1.5718704375953294,
        1.5769536736968126,
        3.677377517639621,
        1.5340344624231415,
        1.5524868207992444,
        0.9966834162024273
      ],
      [
        0.7570800604227567,
        1.7106147541853993,
        1.5170878690050593,
        1.5715545419885046,
        1.5079361904389237,
        1.473896969528621,
        1.5634955871886103,
        1.557437711044107,
        1.5340344624231415,
        3.677377517639621,
        1.5035301809880102,
        1.0003982688715327
      ],
      [
        0.7412376585984092,
        1.6501144460746868,
        1.4849082345577613,
        1.566713921369915,
        1.4910223203938475,
        1.5194114829952468,
        1.5151470663992965,
        1.5461421690561439,
        1.5524868207992444,
        1.5035301809880104,
        3.677377517639621,
        1.068903226279968
      ],
      [
        0.2851050488761544,
        1.007832678353541,
        0.9584101421813404,
        0.99922910668066,
        0.9555136032848552,
        0.996157459280927,
        0.9938301158580299,
        1.0106700082325983,
        0.9966834162024273,
        1.0003982688715327,
        1.068903226279968,
        3.677377517639621
      ]
    ],
    "mean_real_fourier_mutual_info": [
      [
        0.14006938328433283,
        0.09248964538581983,
        0.086570733241565,
        0.08157886025632624,
        0.06885098356195239,
        0.06981067371945321,
        0.07851733033621604,
        0.06879070550642878,
        0.06421859738047271,
        0.05150374692878021,
        0.05364830376595088
      ],
      [
        0.07872484909802491,
        0.5210308181302215,
        0.17805483730317914,
        0.1807236505283832,
        0.1596732185165404,
        0.1875690675894128,
        0.14759733457444674,
        0.15767988328116606,
        0.1381726447336797,
        0.13948411124970178,
        0.15080382833213452
      ],
      [
        0.09279842021460803,
        0.18172911453462134,
        0.7850898889224857,
        0.2604531718302179,
        0.2712141199096089,
        0.26438165442024375,
        0.255303726262926,
        0.26397664815732075,
        0.2433088517008246,
        0.21064672812649402,
        0.2088418200224926
      ],
      [
        0.07895472325027854,
        0.20048298041663837,
        0.26742699974522216,
        0.9684900390369215,
        0.3376849335202944,
        0.33968732509566246,
        0.291552386991684,
        0.30873606649546503,
        0.26841829623928254,
        0.21693743277378835,
        0.288775064747201
      ],
      [
        0.05544631351088697,
        0.13751438058558832,
        0.27412387539974925,
        0.3438275537385448,
        1.1954302020485132,
        0.36723044614320627,
        0.3367245572624833,
        0.36684476688070256,
        0.3144364162423652,
        0.29139041613046496,
        0.3129967908154553
      ],
      [
        0.09691534535541635,
        0.19680962062574206,
        0.23117369297123858,
        0.33503123853311856,
        0.355156070042625,
        1.4046395059721026,
        0.4235134438963501,
        0.46510607738781146,
        0.41169940994023285,
        0.3718729149697751,
        0.4191352600746678
      ],
      [
        0.05677190083492624,
        0.13311929067623476,
        0.2695519806540375,
        0.28268316280423783,
        0.35468570003554545,
        0.4274448658087539,
        1.6093655074838187,
        0.49058517565207116,
        0.4441365810831758,
        0.4013592844613413,
        0.3714365077646814
      ],
      [
        0.051797716604328914,
        0.15601475538483517,
        0.26140225072157874,
        0.31607722420747636,
        0.3610945435590506,
        0.45365207547051895,
        0.5013263490813251,
        1.7748666412706664,
        0.49693765063789413,
        0.4528306775333536,
        0.46469856604973847
      ],
      [
        0.06036145452332994,
        0.13844125301124433,
        0.2441257173748332,
        0.2757737486398477,
        0.3165575989075549,
        0.4078178742277595,
        0.4413905493371439,
        0.4970102129961708,
        1.8420253714293966,
        0.49440810043397426,
        0.44762633762865994
      ],
      [
        0.0531938054083124,
        0.14211703584635926,
        0.21223722240296794,
        0.20916863997879034,
        0.2922709709942131,
        0.3732938610073731,
        0.40169261779467463,
        0.4491798838825599,
        0.49440810043397426,
        1.8434539428579684,
        0.4509216207523376
      ],
      [
        0.050951742100349015,
        0.151534976813283,
        0.21493148887167057,
        0.28981623711931104,
        0.3195914189910212,
        0.41460691540346595,
        0.3708892621007838,
        0.46342872477989716,
        0.4476263376286599,
        0.4509216207523376,
        1.8163110857151108
      ]
    ],
    "mean_complex_fourier_mutual_info": [
      [
        0.12415255590233511,
        0.08112180376178629,
        0.08454215694374949,
        0.0685207777667975,
        0.07710067640518793,
        0.06150953776186,
        0.05940684968626167,
        0.05430790873172584,
        0.04621825850120871,
        0.04742776503313883,
        0.04314756194875624
      ],
      [
        0.1078527734612434,
        0.240185658858481,
        0.1367284595145057,
        0.13497777788169227,
        0.11628199491058862,
        0.11001271112869977,
        0.12208670596198243,
        0.1015694001765431,
        0.10873862578606051,
        0.1061929669549086,
        0.09328120667561186
      ],
      [
        0.07568049646145648,
        0.10767403573297005,
        0.6150392768361592,
        0.17209020732572292,
        0.18697426982079826,
        0.16376230505697584,
        0.1529066224657779,
        0.1571427930514621,
        0.15156521125605624,
        0.15802267684974475,
        0.13904447887608015
      ],
      [
        0.0469122011500386,
        0.12941936827485276,
        0.18695580485496477,
        0.9033546453300991,
        0.2565621209265618,
        0.2454176668459068,
        0.22806983588838986,
        0.16561429900140673,
        0.23627172621389803,
        0.18403779213398871,
        0.17846770042004478
      ],
      [
        0.07814666712798106,
        0.10763877011566106,
        0.18327947772574077,
        0.24024154845351248,
        1.1172561829459224,
        0.31101807530356873,
        0.2976978322470364,
        0.2684448399774585,
        0.3040416121382509,
        0.24369132921233766,
        0.23919318609953283
      ],
      [
        0.05182808468334807,
        0.11055452972912072,
        0.17406236463014466,
        0.2794683263441559,
        0.30039068946189723,
        1.3960983117166226,
        0.35002260978820054,
        0.33978467420174646,
        0.3340599502836348,
        0.27163263732679943,
        0.27765928554794134
      ],
      [
        0.06624763439911627,
        0.1325053846590778,
        0.15391686941819654,
        0.22825788923511195,
        0.3119427751348365,
        0.33086604487212656,
        1.6154777523817776,
        0.41234174528192713,
        0.38420109975041455,
        0.32493502611448233,
        0.3390137856966697
      ],
      [
        0.059391601412167774,
        0.09052596084849517,
        0.16708598517311504,
        0.17407101194872118,
        0.2668375614426036,
        0.3340567841703404,
        0.417204359599318,
        1.8260888634928885,
        0.49141490889489603,
        0.40320029546190567,
        0.41007043528571635
      ],
      [
        0.0519220211210483,
        0.11191040899245232,
        0.14689266333450354,
        0.21972812314718573,
        0.30770113251205705,
        0.3326465303702148,
        0.38451969385472284,
        0.4984217116159844,
        2.0306761650801906,
        0.4312993872926427,
        0.49108165732248027
      ],
      [
        0.04579244680328281,
        0.10072390124004459,
        0.15305171923593003,
        0.18866322447271167,
        0.24546616245974942,
        0.27233692320014763,
        0.32348491273579755,
        0.4020958424550864,
        0.43116333287087416,
        2.096628546032572,
        0.4458070406668376
      ],
      [
        0.047295431622941676,
        0.09443704690807751,
        0.14238147466895837,
        0.17453443317375228,
        0.24279299369934043,
        0.2774422618309175,
        0.3360602471717025,
        0.41034507334606873,
        0.4926585690874726,
        0.4458070406668376,
        2.097739657143683
      ]
    ],
    "mean_cross_correlations": [
      [
        3440.39404296875,
        12.767777767971758,
        8.479469983492415,
        5.797691944968725,
        4.5736988248139605,
        4.610760411396529,
        6.449205081723304,
        8.322547268816443,
        7.741973245197061,
        5.338709066492538,
        4.783761383298921,
        3.7083085407841243
      ],
      [
        12.767777767971758,
        30.06111334444755,
        0.4827216686840962,
        2.446702954478479,
        0.6253947310527151,
        2.7621462406192574,
        0.4748549622808781,
        0.605680830137675,
        0.2746223556461831,
        0.5485057000729565,
        0.1733759531964874,
        0.10177459836028499
      ],
      [
        8.479469983492416,
        0.4827216686840962,
        21.263637464454263,
        0.28479197575552573,
        0.5881006182970531,
        1.1416400774485727,
        1.6155139525185882,
        0.1917577255812892,
        0.6587604008889002,
        0.35610624314460965,
        0.0544703509067247,
        0.09367654004529342
      ],
      [
        5.797691944968724,
        2.446702954478479,
        0.28479197575552573,
        16.44227447144415,
        0.1832607061241838,
        0.2583273938866663,
        0.642952444093768,
        0.28562377647408704,
        0.18191306549291672,
        0.22623765271074364,
        0.23354633366164626,
        0.2382087455689582
      ],
      [
        4.5736988248139605,
        0.6253947310527154,
        0.5881006182970531,
        0.18326070612418388,
        13.50151144384131,
        0.300169903694418,
        0.14050642865330157,
        1.0880397902113896,
        0.09240561677413549,
        0.31090943058639087,
        0.027712194583815224,
        0.3509469486331821
      ],
      [
        4.610760411396529,
        2.7621462406192574,
        1.1416400774485727,
        0.25832739388666637,
        0.300169903694418,
        11.004694603815192,
        0.2886884002376816,
        0.2064028125260151,
        0.9531743438194075,
        0.006775430357388829,
        0.3007117326482363,
        0.4387951440170276
      ],
      [
        6.449205081723304,
        0.47485496228087803,
        1.6155139525185882,
        0.642952444093768,
        0.14050642865330157,
        0.28868840023768155,
        8.282942435791647,
        0.02980900799490164,
        0.14665920300824672,
        0.13270885422367326,
        0.019622285560361566,
        0.011286119977320765
      ],
      [
        8.322547268816441,
        0.605680830137675,
        0.1917577255812892,
        0.28562377647408693,
        1.0880397902113896,
        0.2064028125260151,
        0.029809007994901635,
        6.321777137338005,
        0.4579954781085451,
        0.40536342636025924,
        0.06909857046125495,
        0.14593041808056056
      ],
      [
        7.741973245197061,
        0.2746223556461831,
        0.6587604008889002,
        0.18191306549291672,
        0.09240561677413549,
        0.9531743438194075,
        0.14665920300824672,
        0.4579954781085451,
        5.864172228016716,
        0.04676671488059168,
        0.002725675952588884,
        0.16184008626919485
      ],
      [
        5.338709066492538,
        0.5485057000729565,
        0.35610624314460965,
        0.22623765271074361,
        0.31090943058639087,
        0.006775430357388829,
        0.13270885422367318,
        0.40536342636025924,
        0.0467667148805917,
        4.698459264750565,
        0.09212435339312972,
        0.007558963472385576
      ],
      [
        4.783761383298921,
        0.17337595319648746,
        0.0544703509067247,
        0.23354633366164634,
        0.027712194583815224,
        0.3007117326482363,
        0.019622285560361566,
        0.06909857046125495,
        0.002725675952588884,
        0.0921243533931297,
        2.6386737298724414,
        0.11568440001922141
      ],
      [
        3.7083085407841243,
        0.10177459836028499,
        0.09367654004529338,
        0.2382087455689582,
        0.3509469486331821,
        0.4387951440170275,
        0.011286119977320765,
        0.14593041808056056,
