{
  "(11, 3)": {
    "mean_losses": 0.037626948207616806,
    "mean_pearson_correlations": [
      [
        0.9999999999999996,
        0.011222032080933602,
        -0.027537210706494133,
        -0.007558445452798624,
        -0.01611482615025931,
        -0.04680316134642191,
        -0.0418078218138745,
        -0.015190050540091286,
        -0.05368280202703416,
        -0.07220223069236212,
        -0.06078397882006059,
        -0.1528922593701514
      ],
      [
        0.01122203208093361,
        1.0,
        -0.2321378882398796,
        -0.17578711366858002,
        0.04046852577671507,
        0.018903850634581963,
        0.025460375914574573,
        -0.14011346631760144,
        -0.04960598259630423,
        -0.03193317199877661,
        -0.07250336194966123,
        -0.08752399658839145
      ],
      [
        -0.027537210706494133,
        -0.2321378882398797,
        0.9999999999999986,
        0.17791778829895658,
        -0.0641446844546208,
        -0.006631222953161368,
        0.04177693089353367,
        -0.037877185074073894,
        0.14946085390134586,
        0.09351900438024735,
        0.15101213458316426,
        0.18664241483418656
      ],
      [
        -0.007558445452798618,
        -0.17578711366858002,
        0.17791778829895658,
        0.9999999999999999,
        -0.06725063423790717,
        0.039588704012912965,
        -0.06517214801711506,
        -0.007966530943029525,
        0.01846939805508113,
        -0.024821716590318718,
        -0.038272754490067715,
        0.07710757600944756
      ],
      [
        -0.016114826150259307,
        0.040468525776715066,
        -0.06414468445462079,
        -0.06725063423790718,
        0.9999999999999999,
        0.05231725515093074,
        0.1091949058267625,
        0.03858663146820164,
        0.056600124041523966,
        0.11029977601220775,
        0.05554095864663818,
        0.12341197591567826
      ],
      [
        -0.04680316134642192,
        0.018903850634581953,
        -0.006631222953161295,
        0.03958870401291295,
        0.05231725515093071,
        1.0,
        0.12018480165707,
        -0.03290150318590941,
        0.15745681511902118,
        0.10259466678003962,
        0.017629635614841852,
        0.2348659795639053
      ],
      [
        -0.04180782181387452,
        0.025460375914574583,
        0.041776930893533404,
        -0.06517214801711503,
        0.10919490582676239,
        0.12018480165707,
        0.9999999999999997,
        0.04362216127459945,
        0.14420740548963448,
        0.2720475993297439,
        0.09269300720063436,
        0.3157054648687519
      ],
      [
        -0.01519005054009129,
        -0.14011346631760146,
        -0.03787718507407395,
        -0.007966530943029532,
        0.03858663146820164,
        -0.03290150318590941,
        0.04362216127459947,
        0.9999999999999999,
        -0.1290859395616462,
        0.04135372334311306,
        0.0660646979365556,
        0.1014929648936063
      ],
      [
        -0.05368280202703418,
        -0.04960598259630425,
        0.1494608539013461,
        0.018469398055081094,
        0.05660012404152399,
        0.15745681511902115,
        0.1442074054896345,
        -0.12908593956164618,
        1.0,
        0.1841099132200844,
        0.10103269376788077,
        0.34305392740525215
      ],
      [
        -0.07220223069236212,
        -0.031933171998776565,
        0.09351900438024745,
        -0.024821716590318683,
        0.11029977601220775,
        0.10259466678003962,
        0.2720475993297439,
        0.04135372334311307,
        0.18410991322008438,
        1.0,
        0.039165948966002964,
        0.3461137429207066
      ],
      [
        -0.06078397882006059,
        -0.07250336194966123,
        0.15101213458316434,
        -0.0382727544900677,
        0.055540958646638224,
        0.01762963561484186,
        0.09269300720063438,
        0.06606469793655562,
        0.10103269376788072,
        0.03916594896600298,
        1.0,
        0.4186355459112894
      ],
      [
        -0.1528922593701514,
        -0.08752399658839145,
        0.18664241483418653,
        0.07710757600944756,
        0.12341197591567826,
        0.23486597956390526,
        0.3157054648687518,
        0.1014929648936063,
        0.3430539274052521,
        0.3461137429207066,
        0.41863554591128954,
        1.0
      ]
    ],
    "mean_real_fourier_pearson_correlations": [
      [
        1.0,
        -0.07426118032757786,
        -0.18903556968641128,
        0.0474789919987985,
        0.012454632523654424,
        0.0485505583987357,
        -0.13732153329882524,
        -0.018465417977027894,
        -0.05176873336961903,
        -0.13124734210182232,
        -0.17192224605381853
      ],
      [
        -0.07426118032757785,
        0.9999999999999999,
        -0.023902367102403687,
        -0.09393468949594108,
        -0.03381210743400348,
        0.03429732832634966,
        0.07621421671999387,
        -0.024085501158273334,
        -0.03237871334559416,
        0.025460879924439187,
        0.04778842769327687
      ],
      [
        -0.18903556968641133,
        -0.023902367102403677,
        1.0,
        0.030497499737120137,
        0.0036361416081530716,
        0.0177567209432255,
        -0.13110806624599008,
        0.03902166426723369,
        0.06834229234803173,
        0.027097753099963116,
        0.17807169604311898
      ],
      [
        0.04747899199879848,
        -0.09393468949594107,
        0.030497499737120137,
        1.0,
        0.04783786959471656,
        0.0701072678783123,
        -0.15161746263443113,
        -0.021223730172351147,
        0.09021677483913987,
        -0.0014431033110133384,
        0.148538498531939
      ],
      [
        0.012454632523654445,
        -0.03381210743400351,
        0.003636141608153043,
        0.04783786959471653,
        1.0,
        0.07300746666640222,
        -0.04440689504445913,
        0.061898241058581875,
        0.009416957433618096,
        -0.00816543631847133,
        0.18821933787735945
      ],
      [
        0.04855055839873569,
        0.03429732832634966,
        0.017756720943225522,
        0.0701072678783123,
        0.07300746666640218,
        1.0,
        -0.019264046773119284,
        0.08188314925105705,
        0.06296734317336623,
        -0.008873280374130755,
        0.2000454071971098
      ],
      [
        -0.13732153329882524,
        0.07621421671999391,
        -0.1311080662459901,
        -0.15161746263443115,
        -0.04440689504445913,
        -0.019264046773119294,
        1.0,
        0.033972627863715105,
        0.08463941421402875,
        0.0009568531304532568,
        0.1084504771356305
      ],
      [
        -0.01846541797702789,
        -0.02408550115827335,
        0.03902166426723367,
        -0.021223730172351157,
        0.06189824105858189,
        0.08188314925105708,
        0.03397262786371508,
        1.0,
        0.2360245269966288,
        0.10759405799168956,
        0.35416146853897446
      ],
      [
        -0.051768733369619034,
        -0.03237871334559415,
        0.06834229234803171,
        0.09021677483913985,
        0.009416957433618041,
        0.0629673431733662,
        0.08463941421402872,
        0.2360245269966288,
        1.0,
        0.07000062108841719,
        0.3505000610260581
      ],
      [
        -0.1312473421018223,
        0.025460879924439173,
        0.0270977530999631,
        -0.0014431033110132675,
        -0.008165436318471353,
        -0.008873280374130724,
        0.0009568531304532302,
        0.10759405799168953,
        0.07000062108841719,
        1.0,
        0.3568332473470487
      ],
      [
        -0.17192224605381853,
        0.047788427693276875,
        0.17807169604311895,
        0.148538498531939,
        0.18821933787735945,
        0.20004540719710984,
        0.10845047713563048,
        0.3541614685389745,
        0.350500061026058,
        0.35683324734704874,
        1.0
      ]
    ],
    "mean_imag_fourier_pearson_correlations": [
      [
        1.0,
        -0.2338440170635611,
        -0.26272692195585756,
        0.02321690499662913,
        0.03855793525279317,
        0.17667980470080735,
        -0.18755434917617922,
        -0.027953891846832918,
        -0.013237059573710156,
        0.1661484834177627,
        -0.09508233428980445
      ],
      [
        -0.2338440170635611,
        1.0,
        0.051494053632667465,
        -0.04874766240950915,
        0.06144484807692196,
        -0.1400893069364229,
        -0.0376217386641055,
        0.0049748971550794005,
        0.032901664285187544,
        -0.16320138923528496,
        -0.05711579392596125
      ],
      [
        -0.26272692195585756,
        0.051494053632667465,
        1.0,
        -0.24755765477159133,
        0.05041531521442341,
        -0.20939431800339076,
        0.014794971695041112,
        0.11846165243160665,
        -0.1435006131755313,
        -0.01218780135776496,
        0.20745337790555873
      ],
      [
        0.02321690499662913,
        -0.04874766240950915,
        -0.24755765477159133,
        1.0,
        0.06658284316879688,
        0.1367536311899784,
        0.12187961369296971,
        0.012406009750496091,
        0.05801174809056719,
        0.031082061296339197,
        -0.017159306940946816
      ],
      [
        0.03855793525279317,
        0.06144484807692196,
        0.05041531521442341,
        0.06658284316879688,
        1.0,
        0.26338617571900624,
        -0.0919550694831947,
        0.12893229812639595,
        0.03872080299798046,
        0.12827060737749496,
        -0.02237384382475785
      ],
      [
        0.17667980470080735,
        -0.1400893069364229,
        -0.20939431800339076,
        0.1367536311899784,
        0.26338617571900624,
        1.0,
        -0.017570330675178044,
        0.03673667937474907,
        0.23014020951811098,
        0.12694864858979293,
        -0.0022931102924529934
      ],
      [
        -0.18755434917617922,
        -0.03762173866410551,
        0.014794971695041112,
        0.12187961369296971,
        -0.09195506948319472,
        -0.017570330675178044,
        1.0,
        -0.2170869788995398,
        0.04320619678232017,
        0.16911794286622078,
        0.06309666698463612
      ],
      [
        -0.027953891846832918,
        0.0049748971550794005,
        0.11846165243160665,
        0.012406009750496091,
        0.12893229812639595,
        0.03673667937474907,
        -0.2170869788995398,
        1.0,
        0.022219531366790078,
        -0.14901593807761426,
        0.13310948289209917
      ],
      [
        -0.013237059573710156,
        0.032901664285187544,
        -0.1435006131755313,
        0.05801174809056719,
        0.03872080299798046,
        0.23014020951811098,
        0.04320619678232017,
        0.022219531366790092,
        1.0,
        -0.10230266063573273,
        0.058776529866966
      ],
      [
        0.1661484834177627,
        -0.16320138923528496,
        -0.01218780135776496,
        0.031082061296339204,
        0.12827060737749493,
        0.12694864858979296,
        0.16911794286622078,
        -0.14901593807761426,
        -0.10230266063573273,
        1.0,
        0.060140771620922885
      ],
      [
        -0.09508233428980445,
        -0.05711579392596125,
        0.20745337790555876,
        -0.017159306940946802,
        -0.02237384382475787,
        -0.0022931102924529777,
        0.06309666698463615,
        0.13310948289209917,
        0.05877652986696599,
        0.0601407716209229,
        1.0
      ]
    ],
    "mean_distance_correlations": [
      [
        1.0,
        0.3606944894240559,
        0.3413977022112576,
        0.3532884549749036,
        0.34772988287244355,
        0.3497048626295337,
        0.34591319828322253,
        0.3438796598555785,
        0.3515333557513899,
        0.3494724733319036,
        0.35451796967193794,
        0.36162259627341287
      ],
      [
        0.3606944894240559,
        1.0,
        0.680836498439474,
        0.6415893220900512,
        0.6546532237589578,
        0.6374356906552253,
        0.6448584974623262,
        0.6416362810579972,
        0.6623007450015999,
        0.6654033231547616,
        0.707548898061312,
        0.7128368268090368
      ],
      [
        0.3413977022112576,
        0.680836498439474,
        1.0,
        0.637010412374075,
        0.6197473340085979,
        0.616217693681524,
        0.6154023935280667,
        0.5810389766684628,
        0.6234533917413733,
        0.6146725610834934,
        0.630947512227262,
        0.6133023741591178
      ],
      [
        0.3532884549749036,
        0.6415893220900512,
        0.637010412374075,
        1.0,
        0.6301686720179321,
        0.6515245078858082,
        0.6056028980620148,
        0.6444010486477809,
        0.6391053399054432,
        0.650552840895143,
        0.6769056130909895,
        0.6811546284712595
      ],
      [
        0.34772988287244355,
        0.6546532237589578,
        0.6197473340085979,
        0.6301686720179321,
        1.0,
        0.6691209410481576,
        0.6189814585245955,
        0.6223413842405026,
        0.6751847508018487,
        0.680301552735537,
        0.6410697023066187,
        0.6846180508523978
      ],
      [
        0.3497048626295337,
        0.6374356906552253,
        0.616217693681524,
        0.6515245078858082,
        0.6691209410481576,
        1.0,
        0.619637862930661,
        0.6250085806940845,
        0.6516933996193021,
        0.6446477200600023,
        0.6729439807747184,
        0.678907871659305
      ],
      [
        0.34591319828322253,
        0.6448584974623262,
        0.6154023935280667,
        0.6056028980620148,
        0.6189814585245955,
        0.619637862930661,
        1.0,
        0.6099359885282546,
        0.6404658741145252,
        0.6319149992014794,
        0.642928541081585,
        0.6400112205684649
      ],
      [
        0.3438796598555785,
        0.6416362810579972,
        0.5810389766684628,
        0.6444010486477809,
        0.6223413842405026,
        0.6250085806940845,
        0.6099359885282546,
        1.0,
        0.6016995375911691,
        0.6230982707652296,
        0.6441285454524147,
        0.6400777045168673
      ],
      [
        0.3515333557513899,
        0.6623007450015999,
        0.6234533917413733,
        0.6391053399054432,
        0.6751847508018487,
        0.6516933996193021,
        0.6404658741145252,
        0.6016995375911691,
        1.0,
        0.6356421987981856,
        0.6660128199067732,
        0.711040151769302
      ],
      [
        0.3494724733319036,
        0.6654033231547616,
        0.6146725610834934,
        0.650552840895143,
        0.680301552735537,
        0.6446477200600023,
        0.6319149992014794,
        0.6230982707652296,
        0.6356421987981856,
        1.0,
        0.6058130534556004,
        0.6710639061499328
      ],
      [
        0.35451796967193794,
        0.707548898061312,
        0.630947512227262,
        0.6769056130909895,
        0.6410697023066187,
        0.6729439807747184,
        0.642928541081585,
        0.6441285454524147,
        0.6660128199067732,
        0.6058130534556004,
        1.0,
        0.8084344839058982
      ],
      [
        0.36162259627341287,
        0.7128368268090368,
        0.6133023741591178,
        0.6811546284712595,
        0.6846180508523978,
        0.678907871659305,
        0.6400112205684649,
        0.6400777045168673,
        0.711040151769302,
        0.6710639061499328,
        0.8084344839058982,
        1.0
      ]
    ],
    "mean_real_fourier_distance_correlations": [
      [
        1.0,
        0.7256956738627142,
        0.7690840825689116,
        0.7212528706591794,
        0.7564465126824841,
        0.7109969849794201,
        0.7147315015268696,
        0.7320271329792086,
        0.7004552744160211,
        0.7700069537557667,
        0.7227183225844303
      ],
      [
        0.7256956738627142,
        1.0,
        0.8382965615224143,
        0.8496189733038932,
        0.833086486588668,
        0.8075949767740329,
        0.8279674677287379,
        0.8477576707109624,
        0.8302005582867832,
        0.8318394852745138,
        0.8258341882612978
      ],
      [
        0.7690840825689116,
        0.8382965615224143,
        1.0,
        0.8662515645520323,
        0.8745034488825908,
        0.8521669228624513,
        0.8810047204180026,
        0.8594624182587538,
        0.8532395844749745,
        0.8609914839202042,
        0.8727095544354054
      ],
      [
        0.7212528706591794,
        0.8496189733038932,
        0.8662515645520323,
        1.0,
        0.8649645393438574,
        0.8659887320501649,
        0.8607991090437682,
        0.866939897824198,
        0.8720634732946254,
        0.866140491767981,
        0.8639971712447186
      ],
      [
        0.7564465126824841,
        0.833086486588668,
        0.8745034488825908,
        0.8649645393438574,
        1.0,
        0.8765656956396568,
        0.8813712549000967,
        0.8806677659033931,
        0.8549417569170616,
        0.8747130222513253,
        0.8674459956913952
      ],
      [
        0.7109969849794201,
        0.8075949767740329,
        0.8521669228624513,
        0.8659887320501649,
        0.8765656956396568,
        1.0,
        0.8497832076798467,
        0.8727422252761271,
        0.8420211017464223,
        0.8451773848638717,
        0.8664743471084638
      ],
      [
        0.7147315015268696,
        0.8279674677287379,
        0.8810047204180026,
        0.8607991090437682,
        0.8813712549000967,
        0.8497832076798467,
        1.0,
        0.8699188826359037,
        0.8773868271808933,
        0.8617614786686117,
        0.8659468877667225
      ],
      [
        0.7320271329792086,
        0.8477576707109624,
        0.8594624182587538,
        0.866939897824198,
        0.8806677659033931,
        0.8727422252761271,
        0.8699188826359037,
        1.0,
        0.8521760322623085,
        0.8839382362798319,
        0.8697806983023915
      ],
      [
        0.7004552744160211,
        0.8302005582867832,
        0.8532395844749745,
        0.8720634732946254,
        0.8549417569170616,
        0.8420211017464223,
        0.8773868271808933,
        0.8521760322623085,
        1.0,
        0.8607830196437412,
        0.8668416604088296
      ],
      [
        0.7700069537557667,
        0.8318394852745138,
        0.8609914839202042,
        0.866140491767981,
        0.8747130222513253,
        0.8451773848638717,
        0.8617614786686117,
        0.8839382362798319,
        0.8607830196437412,
        1.0,
        0.8812063393880792
      ],
      [
        0.7227183225844303,
        0.8258341882612978,
        0.8727095544354053,
        0.8639971712447186,
        0.8674459956913952,
        0.8664743471084639,
        0.8659468877667225,
        0.8697806983023917,
        0.8668416604088296,
        0.8812063393880792,
        1.0
      ]
    ],
    "mean_imag_fourier_distance_correlations": [
      [
        1.0,
        0.712826812600293,
        0.8237545451304471,
        0.7338516672085753,
        0.7639947444706042,
        0.731126988475132,
        0.7454836846888294,
        0.7432483810792111,
        0.7447257078976821,
        0.8323720605111562,
        0.6526448144984727
      ],
      [
        0.712826812600293,
        1.0,
        0.843545149558236,
        0.8475722789123291,
        0.7985942956531743,
        0.8077226051689196,
        0.7974561190834747,
        0.79492684753961,
        0.8011067709862939,
        0.796746763695412,
        0.835419911212577
      ],
      [
        0.8237545451304471,
        0.843545149558236,
        1.0,
        0.8782227007051318,
        0.8708020821130878,
        0.8656923488955734,
        0.8552643890924932,
        0.8480497461278773,
        0.8560137628928655,
        0.8852352716992804,
        0.8335454960441693
      ],
      [
        0.7338516672085753,
        0.8475722789123291,
        0.8782227007051318,
        1.0,
        0.863366664521517,
        0.8555422266139965,
        0.859522901893757,
        0.8481876200994829,
        0.8534035490294264,
        0.8436380280934973,
        0.8420870538219256
      ],
      [
        0.7639947444706042,
        0.7985942956531743,
        0.8708020821130878,
        0.863366664521517,
        1.0,
        0.8804088182383515,
        0.8722722021596141,
        0.8594051353546343,
        0.8714891977650308,
        0.8585664791910658,
        0.8378522067224415
      ],
      [
        0.731126988475132,
        0.8077226051689196,
        0.8656923488955734,
        0.8555422266139965,
        0.8804088182383515,
        1.0,
        0.876079081417118,
        0.8453179133337723,
        0.8607075154245731,
        0.8604583234700189,
        0.8510952681592312
      ],
      [
        0.7454836846888294,
        0.7974561190834747,
        0.8552643890924932,
        0.859522901893757,
        0.8722722021596141,
        0.876079081417118,
        1.0,
        0.8406458428375096,
        0.8500061581366536,
        0.8537421331327864,
        0.8394474548067499
      ],
      [
        0.7432483810792111,
        0.79492684753961,
        0.8480497461278773,
        0.8481876200994829,
        0.8594051353546343,
        0.8453179133337723,
        0.8406458428375096,
        1.0,
        0.8294068467575295,
        0.865848020309097,
        0.8368345458364229
      ],
      [
        0.7447257078976821,
        0.8011067709862939,
        0.8560137628928655,
        0.8534035490294264,
        0.8714891977650308,
        0.8607075154245731,
        0.8500061581366536,
        0.8294068467575295,
        1.0,
        0.8394982396341724,
        0.8447060123889506
      ],
      [
        0.8323720605111562,
        0.796746763695412,
        0.8852352716992804,
        0.8436380280934973,
        0.8585664791910658,
        0.8604583234700189,
        0.8537421331327864,
        0.865848020309097,
        0.8394982396341724,
        1.0,
        0.8270479636454638
      ],
      [
        0.6526448144984727,
        0.835419911212577,
        0.8335454960441695,
        0.8420870538219256,
        0.8378522067224415,
        0.8510952681592312,
        0.8394474548067499,
        0.836834545836423,
        0.8447060123889506,
        0.8270479636454638,
        1.0
      ]
    ],
    "mean_mutual_info": [
      [
        3.677377517639621,
        0.8842807275287612,
        0.8344805615027249,
        0.943812074747116,
        0.8961751115826587,
        0.9379553238197404,
        0.9145120364487557,
        0.8499926120105539,
        0.9014972349931917,
        0.8895477538301553,
        0.9786023068514382,
        1.082421960499427
      ],
      [
        0.8842807275287613,
        3.677377517639621,
        1.9266652721957962,
        1.9544257185100409,
        1.8758452274317605,
        1.9084665328214374,
        1.8821016092810245,
        1.8327689142750512,
        1.9131434432852392,
        1.8869565156016028,
        2.037000049493936,
        2.1862691041535998
      ],
      [
        0.8344805615027249,
        1.9266652721957962,
        3.677377517639621,
        1.7763477379624968,
        1.7567943394037502,
        1.7125499033914127,
        1.722021070756473,
        1.6762384715720324,
        1.7487552355207905,
        1.703773509967377,
        1.7725214452573745,
        1.9042294335061505
      ],
      [
        0.943812074747116,
        1.954425718510041,
        1.7763477379624968,
        3.677377517639621,
        1.7701147408543347,
        1.836745253895792,
        1.7476671195588451,
        1.7705473817531507,
        1.7832470488699328,
        1.8067209391548027,
        1.8939037883122771,
        2.0291236712260616
      ],
      [
        0.8961751115826587,
        1.8758452274317605,
        1.7567943394037502,
        1.7701147408543347,
        3.677377517639621,
        1.7827863722759694,
        1.7381454902184441,
        1.6827325271905922,
        1.7767715108578355,
        1.751260665685178,
        1.7873612213102696,
        1.9458217031303138
      ],
      [
        0.9379553238197404,
        1.9084665328214374,
        1.712549903391413,
        1.836745253895792,
        1.7827863722759694,
        3.677377517639621,
        1.747504291739835,
        1.707286750868427,
        1.7726200900894165,
        1.7327891829531898,
        1.8555330744048666,
        1.9679279678808508
      ],
      [
        0.9145120364487557,
        1.8821016092810245,
        1.7220210707564731,
        1.7476671195588451,
        1.738145490218444,
        1.7475042917398351,
        3.677377517639621,
        1.7295811243673136,
        1.7493993250938638,
        1.72266846904741,
        1.7860881575488505,
        1.8664034607463122
      ],
      [
        0.8499926120105539,
        1.8327689142750512,
        1.6762384715720327,
        1.7705473817531507,
        1.6827325271905922,
        1.707286750868427,
        1.7295811243673136,
        3.677377517639621,
        1.7033401151789147,
        1.7171895412062215,
        1.7536997650853772,
        1.88449699825616
      ],
      [
        0.9014972349931917,
        1.9131434432852392,
        1.7487552355207905,
        1.7832470488699328,
        1.7767715108578352,
        1.7726200900894165,
        1.7493993250938635,
        1.7033401151789147,
        3.677377517639621,
        1.748278312868064,
        1.8458275657898044,
        1.9799380091649996
      ],
      [
        0.8895644204968219,
        1.886956515601603,
        1.703773509967377,
        1.8067209391548027,
        1.7512606656851781,
        1.7327891829531898,
        1.7226684690474097,
        1.7171895412062215,
        1.7482783128680643,
        3.677377517639621,
        1.7525566971099797,
        1.9171670018241838
      ],
      [
        0.9786023068514382,
        2.037000049493936,
        1.7725214452573745,
        1.8939037883122767,
        1.7873612213102696,
        1.8555330744048668,
        1.7860881575488505,
        1.7536997650853772,
        1.8458275657898044,
        1.7525566971099797,
        3.677377517639621,
        2.2791167707544244
      ],
      [
        1.0824219604994267,
        2.1862691041535998,
        1.9042294335061505,
        2.0291236712260616,
        1.9458217031303138,
        1.9679279678808508,
        1.8664034607463122,
        1.88449699825616,
        1.9799380091649996,
        1.9171670018241838,
        2.2791167707544244,
        3.677377517639621
      ]
    ],
    "mean_real_fourier_mutual_info": [
      [
        0.1193187468665137,
        0.11976966720929594,
        0.09196851762829233,
        0.1005276538006527,
        0.08375843374605015,
        0.04885102768871033,
        0.06715729517178014,
        0.07429575929255298,
        0.0642550821498191,
        0.06909671628026355,
        0.04677861319966594
      ],
      [
        0.10358594640571672,
        0.5044564837344585,
        0.18526518943978068,
        0.21021154015116902,
        0.1706662005578417,
        0.17000986147945482,
        0.19449873579252192,
        0.16592368800871704,
        0.2072260578872699,
        0.17058927762819848,
        0.2043243746727827
      ],
      [
        0.09277807989838095,
        0.20811184136681748,
        0.7274249718289972,
        0.2779988019172013,
        0.2639784647756788,
        0.27783069961718815,
        0.2713232143591501,
        0.256957426560368,
        0.22458078472463738,
        0.2502905107653009,
        0.2697119823801607
      ],
      [
        0.09094734333434044,
        0.22065490374778332,
        0.26499040751539676,
        0.9839892858218827,
        0.3464693331673653,
        0.34479223836101347,
        0.3415521800672178,
        0.309754961691052,
        0.3079832456803929,
        0.3337975393649873,
        0.36818283866116686
      ],
      [
        0.07700550829664085,
        0.19709731975643105,
        0.27719428334864016,
        0.343740071299448,
        1.1735440960909787,
        0.4627099260020537,
        0.4222979499123907,
        0.39729559127458314,
        0.383213477490125,
        0.42740510399145976,
        0.4019446772697549
      ],
      [
        0.06125272166282805,
        0.15093684630029194,
        0.2560099784403193,
        0.33177720954246853,
        0.4582844467194316,
        1.3716984628882027,
        0.4137323767440975,
        0.5042722737481696,
        0.4131406502281118,
        0.4466444775431952,
        0.46928089440086374
      ],
      [
        0.06846812023791257,
        0.20103967745851886,
        0.2675446076561736,
        0.3395322185881675,
        0.4078739136312116,
        0.4147165037282246,
        1.590587729706041,
        0.5590037543214238,
        0.5924108017353265,
        0.509275733533916,
        0.4854960305064243
      ],
      [
        0.07542199747440816,
        0.18690581528076017,
        0.2588584663857776,
        0.29125166336112834,
        0.40326346731388774,
        0.5029820243150631,
        0.5548132781309476,
        1.7570888634928885,
        0.5855234411680678,
        0.573402923100292,
        0.5533361903424932
      ],
      [
        0.06425508214981912,
        0.21129067052331105,
        0.22432580435355792,
        0.3033049319306506,
        0.3809912552679029,
        0.4115533486408102,
        0.5914478387723636,
        0.5845710602156868,
        1.8375809269849523,
        0.5770856285629619,
        0.6214199546951652
      ],
      [
        0.07004909723264446,
        0.17560481754555177,
        0.24789222122415422,
        0.3310991273456997,
        0.431799661814589,
        0.4418425123126585,
        0.5108630351212176,
        0.5749902246875934,
        0.577085628562962,
        1.8371047365087616,
        0.6420107778481288
      ],
      [
        0.04487385129490406,
        0.20429716378842894,
        0.2684421411103194,
        0.3743196489408343,
        0.4006990234526725,
        0.46751672206526285,
        0.48846655204837447,
        0.5533361903424932,
        0.6214199546951652,
        0.642010777848129,
        1.8269460063500316
      ]
    ],
    "mean_complex_fourier_mutual_info": [
      [
        0.13738814262465343,
        0.10374997515875467,
        0.08503584784013828,
        0.0962430215819206,
        0.06536955697504152,
        0.055777625162853235,
        0.07221255756627296,
        0.08170851702231648,
        0.07762150481997915,
        0.07798688386326624,
        0.04389883204743893
      ],
      [
        0.08175282677582568,
        0.2498595033727723,
        0.10684756688018535,
        0.1354945217198647,
        0.11667468029210631,
        0.11407768961262998,
        0.11665690198706571,
        0.10662190578190145,
        0.10887062919471145,
        0.10519256471246745,
        0.1267163120636142
      ],
      [
        0.09574541399596713,
        0.1609965069821331,
        0.5847434509689048,
        0.2050305658557542,
        0.20507302570969127,
        0.1870760297575869,
        0.1650973532053809,
        0.16389261821360485,
        0.16616470062036215,
        0.1926815335752755,
        0.16320948506176308
      ],
      [
        0.08311941122091532,
        0.1348282417330407,
        0.22306313175497194,
        0.8592072451112704,
        0.2335123818799187,
        0.2500361625409174,
        0.26204634465735777,
        0.22482533059844012,
        0.24950779053289032,
        0.21512322675768078,
        0.21923508846142659
      ],
      [
        0.0872284662975732,
        0.12459627461175468,
        0.20760619033529285,
        0.23619940879062984,
        1.113318094579263,
        0.3378753277166592,
        0.33319898308973966,
        0.2930793324813672,
        0.2825538439847375,
        0.28351098130742086,
        0.30223128589349285
      ],
      [
        0.0762020903359915,
        0.12062274053693793,
        0.17553615802023614,
        0.2712362629016767,
        0.33250369782722755,
        1.3591262784588753,
        0.4209137136308744,
        0.38958386085796554,
        0.329914504263244,
        0.36464581757538433,
        0.3358740658370249
      ],
      [
        0.08420574838940635,
        0.10254016100367275,
        0.1760109460747456,
        0.23241442631115375,
        0.3299440477822832,
        0.4233513553542304,
        1.6126070040824578,
        0.4396064207877568,
        0.4382352348455845,
        0.3964997289595922,
        0.36670393695449016
      ],
      [
        0.07829630022376623,
        0.10282756663373654,
        0.1645246509473624,
        0.22609269815152191,
        0.2845646963238739,
        0.4015304845366769,
        0.44228896047029637,
        1.837533307937333,
        0.5100348526520577,
        0.4863631089453736,
        0.4273617742479975
      ],
      [
        0.05901031223841954,
        0.11268470299828107,
        0.17333134508864304,
        0.2539658298480725,
        0.28104589690536186,
        0.3367969683599938,
        0.42565473597937137,
        0.511225328842534,
        2.022422196826222,
        0.5145841975034813,
        0.5126959058395372
      ],
      [
        0.07843145629412783,
        0.10202692479682755,
        0.19371507675167585,
        0.21605741920127172,
        0.2868023301701983,
        0.3637648995516092,
        0.39749430911284095,
        0.4865430031252679,
        0.5134730863923703,
        2.0951206095246357,
        0.45832231682187474
      ],
      [
        0.0458512129998199,
        0.12237850226992206,
        0.16282364074734734,
        0.22264253022601124,
        0.3008223561988489,
        0.33370475366771274,
        0.3678356608541264,
        0.42699556109607,
        0.5117435248871562,
        0.45832231682187474,
        2.097739657143683
      ]
    ],
    "mean_cross_correlations": [
      [
        3440.39404296875,
        12.202231077298347,
        8.064557189960164,
        7.177380963139106,
        5.676306642407663,
        11.995205584379018,
        14.169435471870589,
        5.72774626799895,
        12.039108784464663,
        11.292748558141712,
        13.422496905141905,
        20.626829954475532
      ],
      [
        12.202231077298347,
        28.489366735564307,
        0.5150296147180872,
        0.8143105271848273,
        0.7572380185740031,
        0.5644985311132789,
        0.7140636241768036,
        0.5563061694372214,
        0.44271686363903856,
        0.3281407601788066,
        0.3863040176814343,
        0.4288837940391751
      ],
      [
        8.064557189960164,
        0.5150296147180872,
        21.987002299894808,
        0.8120498746166558,
        2.14290099012667,
        0.9936109845955639,
        0.9103789715535668,
        0.44699540433360235,
        0.010167283389608529,
        0.014197587189518196,
        0.5070449941615945,
        1.0054429020195217
      ],
      [
        7.177380963139106,
        0.8143105271848273,
        0.8120498746166558,
        17.33791655095916,
        0.3299892558599729,
        0.1752281062267266,
        0.19825911881143768,
        0.10612760664122067,
        1.1109347019691251,
        0.27512225914651445,
        0.04047751003377956,
        1.535964552525369
      ],
      [
        5.676306642407663,
        0.7572380185740031,
        2.14290099012667,
        0.32998925585997296,
        13.446499914062118,
        1.0536932373573136,
        1.5152429523141047,
        0.02649084882865054,
        0.0700532661687086,
        1.1679317061032632,
        0.821371847915556,
        2.4338267121276767
      ],
      [
        11.995205584379018,
        0.5644985311132789,
        0.9936109845955637,
        0.1752281062267266,
        1.0536932373573136,
        11.725445744407025,
        1.0504290334677788,
        0.03247989601510816,
        1.458234376628919,
        0.5031636511835176,
        0.6146406352863817,
        2.0000459733426483
      ],
      [
        14.169435471870589,
        0.7140636241768036,
        0.9103789715535667,
        0.19825911881143768,
        1.5152429523141047,
        1.0504290334677788,
        8.87397998145009,
        0.03406104059817133,
        0.5105464390388887,
        1.0600629159362633,
        0.2550796687802217,
        2.2135896544832536
      ],
      [
        5.72774626799895,
        0.5563061694372214,
        0.4469954043336024,
        0.10612760664122067,
        0.026490848828650538,
        0.032479896015108166,
        0.0340610405981713,
        7.836519613759577,
        0.032101668842838826,
        0.7711684461986497,
        0.36057692308675426,
        0.6334592170155067
      ],
      [
        12.039108784464663,
        0.44271686363903856,
        0.010167283389608529,
        1.1109347019691251,
        0.07005326616870863,
        1.458234376628919,
        0.5105464390388887,
        0.032101668842838806,
        6.497182395235095,
        1.48829349876709,
        0.2891923557412807,
        2.0488869508148455
      ],
      [
        11.292748558141712,
        0.3281407601788066,
        0.014197587189518196,
        0.27512225914651445,
        1.1679317061032632,
        0.5031636511835176,
        1.0600629159362633,
        0.7711684461986497,
        1.48829349876709,
        5.914741652843328,
        0.03446574578647079,
        2.122395711103587
      ],
      [
        13.422496905141905,
        0.3863040176814343,
        0.5070449941615945,
        0.04047751003377956,
        0.821371847915556,
        0.6146406352863817,
        0.2550796687802217,
        0.36057692308675426,
        0.2891923557412807,
        0.03446574578647079,
        5.757622698073992,
        2.2913057801960224
      ],
      [
        20.626829954475532,
        0.4288837940391752,
        1.0054429020195217,
        1.535964552525369,
        2.4338267121276767,
        2.0000459733426483,
        2.2135896544832536,
        0.6334592170155067,
        2.0488869508148455,
        2.122395711103587,
        2.2913057801960224,
        7.923619358345275
      ]
    ],
