{
  "(11, 3)": {
    "mean_losses": 0.024646496400237083,
    "mean_pearson_correlations": [
      [
        0.9999999999999997,
        0.0005300278368751193,
        0.0022934574233324473,
        -0.010265960195694429,
        0.0004959691439565843,
        -0.01866012872604643,
        0.011976059567855902,
        -0.004762841663300094,
        0.0025472705352880963,
        -0.005046031707909058,
        -0.0020669967379281936,
        -0.014240040351851327
      ],
      [
        0.0005300278368751216,
        1.0,
        -0.030660328210983218,
        -0.033115506224254784,
        0.028892701720251122,
        0.042737144129521655,
        -0.022992747662255866,
        0.02076469450035742,
        -0.09598795308699234,
        -0.0730106204288324,
        -0.01828185967016604,
        0.012025657292157422
      ],
      [
        0.0022934574233324347,
        -0.030660328210983242,
        0.9999999999999926,
        -0.026218151144140105,
        0.006604610359905996,
        -0.03383581371047661,
        0.040067317042904727,
        -0.0018716979580591902,
        0.011370027269309595,
        -0.03639834522327054,
        0.09326827593397305,
        0.01716152112615282
      ],
      [
        -0.010265960195694429,
        -0.0331155062242548,
        -0.026218151144140344,
        0.9999999999999997,
        -0.00014524676726989982,
        0.0371349265680083,
        0.07688477168104205,
        -0.03951669688639518,
        -0.03567612537969593,
        0.009287512396354908,
        0.006965040507647288,
        0.018110482200601272
      ],
      [
        0.0004959691439565856,
        0.028892701720251168,
        0.006604610359906804,
        -0.00014524676726990427,
        0.9999999999999997,
        0.02607064618445692,
        -0.043237417550391725,
        -0.023964328050439434,
        -0.05785623740563173,
        -0.01125235248806889,
        0.07182299945694191,
        -0.026591825290366303
      ],
      [
        -0.01866012872604643,
        0.04273714412952165,
        -0.033835813710476476,
        0.03713492656800809,
        0.02607064618445695,
        0.9999999999999996,
        -0.03796508065381289,
        0.007717384237059974,
        0.1116964882372411,
        0.06753227437870728,
        0.11580640706361553,
        0.025120958559498394
      ],
      [
        0.01197605956785591,
        -0.022992747662255862,
        0.0400673170429053,
        0.07688477168104203,
        -0.043237417550392,
        -0.037965080653812905,
        0.9999999999999999,
        -0.08853852123630318,
        -0.03153592615378769,
        -0.014388367843426115,
        -0.04755829416778452,
        -0.02912245670005726
      ],
      [
        -0.004762841663300096,
        0.02076469450035742,
        -0.0018716979580592108,
        -0.03951669688639512,
        -0.023964328050439476,
        0.0077173842370599445,
        -0.08853852123630317,
        1.0,
        -0.013582590955511691,
        -0.04293061476618573,
        0.014330194825252676,
        -0.0019854157502797783
      ],
      [
        0.002547270535288101,
        -0.09598795308699234,
        0.011370027269309966,
        -0.0356761253796959,
        -0.057856237405631894,
        0.11169648823724108,
        -0.03153592615378777,
        -0.013582590955511668,
        0.9999999999999997,
        0.038838358505257575,
        -0.028521971816614474,
        -0.0113991242194472
      ],
      [
        -0.005046031707909075,
        -0.0730106204288324,
        -0.03639834522328442,
        0.009287512396354877,
        -0.011252352488068917,
        0.06753227437870732,
        -0.014388367843426206,
        -0.04293061476618572,
        0.038838358505257596,
        0.9999999999999978,
        0.03170100797994942,
        0.004128043038806771
      ],
      [
        -0.0020669967379281975,
        -0.018281859670166073,
        0.09326827593397226,
        0.00696504050764726,
        0.07182299945694208,
        0.11580640706361553,
        -0.047558294167784586,
        0.014330194825252678,
        -0.02852197181661458,
        0.031701007979949444,
        0.9999999999999994,
        0.01799822502250767
      ],
      [
        -0.014240040351851136,
        0.01202565729215743,
        0.017161521126143695,
        0.01811048220060043,
        -0.026591825290366147,
        0.02512095855949801,
        -0.029122456700057642,
        -0.001985415750279862,
        -0.011399124219447505,
        0.004128043038805872,
        0.01799822502250821,
        0.9999999999999895
      ]
    ],
    "mean_real_fourier_pearson_correlations": [
      [
        1.0,
        0.06318721385793102,
        -0.0006147817731663274,
        0.07876312681361439,
        -0.09246603235955866,
        0.014754448638054809,
        -0.0005345741771768431,
        -0.11439593456339141,
        -0.04917810060404561,
        -0.0022004062269431104,
        -0.041955528743728765
      ],
      [
        0.06318721385793102,
        0.9999999999999999,
        0.03573784883045463,
        -0.05996440708035591,
        -0.10145733813435173,
        0.02992457019314836,
        -0.013369074445299368,
        0.04647067906346278,
        0.09014525586908183,
        -0.004607800741443429,
        0.04731272188259908
      ],
      [
        -0.0006147817731663252,
        0.03573784883045463,
        1.0,
        -0.005146774710844701,
        0.07088570670066337,
        0.08054704552002585,
        0.032156508036578456,
        0.042237807270267075,
        0.026323432950127946,
        -0.031127971981432852,
        -0.01537950886742018
      ],
      [
        0.07876312681361439,
        -0.0599644070803559,
        -0.005146774710844682,
        1.0,
        -0.02361656803296925,
        -0.05716846933410144,
        0.0579574533253524,
        -0.06327686532848896,
        -0.0412591330184199,
        0.0741732091099841,
        -0.04592935150059494
      ],
      [
        -0.0924660323595587,
        -0.10145733813435175,
        0.07088570670066337,
        -0.023616568032969232,
        1.0,
        -0.008350025727207158,
        0.022426618328287705,
        0.0622642988850188,
        0.026161699634752802,
        -0.041323195094301025,
        -0.016479058786720593
      ],
      [
        0.014754448638054809,
        0.029924570193148366,
        0.08054704552002585,
        -0.05716846933410146,
        -0.008350025727207153,
        1.0,
        -0.05729902626503852,
        -0.03244142124959749,
        -0.02930139026397808,
        -0.009968514460332381,
        -0.112174523370542
      ],
      [
        -0.0005345741771768164,
        -0.013369074445299375,
        0.03215650803657847,
        0.05795745332535237,
        0.022426618328287694,
        -0.05729902626503852,
        1.0,
        -0.04138130520573288,
        -0.08581938882257635,
        0.01465878966938963,
        0.013726135193765041
      ],
      [
        -0.11439593456339142,
        0.04647067906346278,
        0.042237807270267096,
        -0.06327686532848897,
        0.0622642988850188,
        -0.0324414212495975,
        -0.04138130520573287,
        1.0,
        0.02418717901670159,
        -0.13716138477710968,
        -0.011194645460173305
      ],
      [
        -0.049178100604045615,
        0.09014525586908183,
        0.026323432950127935,
        -0.04125913301841993,
        0.026161699634752792,
        -0.02930139026397808,
        -0.08581938882257635,
        0.02418717901670158,
        1.0,
        0.01542899829538603,
        -0.07745574739102726
      ],
      [
        -0.0022004062269431277,
        -0.004607800741443422,
        -0.031127971981432852,
        0.07417320910998411,
        -0.04132319509430102,
        -0.009968514460332388,
        0.014658789669389606,
        -0.13716138477710968,
        0.01542899829538602,
        1.0,
        -0.06370104381711025
      ],
      [
        -0.04195552874372877,
        0.04731272188259908,
        -0.015379508867420184,
        -0.04592935150059494,
        -0.016479058786720596,
        -0.112174523370542,
        0.013726135193765046,
        -0.011194645460173293,
        -0.07745574739102729,
        -0.06370104381711027,
        1.0
      ]
    ],
    "mean_imag_fourier_pearson_correlations": [
      [
        1.0,
        0.02252130426178925,
        -0.11654562236313551,
        0.03233048032365806,
        0.006949599480443265,
        0.07704034850685008,
        0.05496163321290757,
        -0.07285679371076233,
        -0.0654105016913039,
        0.02464884886037741,
        0.0019574188013828753
      ],
      [
        0.02252130426178925,
        1.0,
        -0.062161410662865346,
        0.05001367877653153,
        0.096089137949983,
        -0.06967263316884945,
        0.03190299964886886,
        0.07468229313177126,
        0.050732097329714086,
        0.13449342205970027,
        -0.07499834502187816
      ],
      [
        -0.11654562236313551,
        -0.062161410662865346,
        1.0,
        -0.060317166891317636,
        -0.04055905785555147,
        -0.010816730504860659,
        0.04897080568768275,
        -0.14015781008872819,
        0.012976120342179298,
        -0.004515405447062015,
        -0.10189546291333215
      ],
      [
        0.03233048032365806,
        0.05001367877653153,
        -0.060317166891317636,
        1.0,
        0.021905950301043316,
        0.060978952426216024,
        -0.038640388034165536,
        0.020223495301759077,
        0.05832595888748474,
        0.06329190851888472,
        0.08507876960945826
      ],
      [
        0.006949599480443265,
        0.09608913794998301,
        -0.04055905785555147,
        0.021905950301043316,
        1.0,
        0.013803843290104761,
        -0.006708046639667877,
        0.05198544266829298,
        0.12920266224368082,
        0.12988203268339382,
        0.08428673662395263
      ],
      [
        0.07704034850685008,
        -0.06967263316884945,
        -0.01081673050486065,
        0.060978952426216024,
        0.013803843290104763,
        1.0,
        -0.07378445092070449,
        0.03168647327764079,
        0.02371990943549442,
        -0.08414043008576122,
        -0.04145475072121199
      ],
      [
        0.05496163321290757,
        0.031902999648868856,
        0.04897080568768275,
        -0.038640388034165536,
        -0.006708046639667877,
        -0.07378445092070449,
        1.0,
        0.031417530919980986,
        -0.11276095354976619,
        -0.005527376836684722,
        0.11114893888833528
      ],
      [
        -0.07285679371076233,
        0.07468229313177126,
        -0.14015781008872819,
        0.020223495301759074,
        0.05198544266829298,
        0.03168647327764079,
        0.031417530919980986,
        1.0,
        0.006768796660029568,
        0.06819893173328788,
        0.059377546481311494
      ],
      [
        -0.0654105016913039,
        0.0507320973297141,
        0.012976120342179298,
        0.05832595888748475,
        0.12920266224368082,
        0.023719909435494402,
        -0.11276095354976619,
        0.006768796660029568,
        1.0,
        0.08559929548862706,
        -0.03384135629741798
      ],
      [
        0.02464884886037741,
        0.13449342205970027,
        -0.004515405447062015,
        0.06329190851888472,
        0.12988203268339382,
        -0.08414043008576122,
        -0.005527376836684722,
        0.06819893173328789,
        0.08559929548862706,
        1.0,
        0.07416783297971269
      ],
      [
        0.0019574188013828753,
        -0.07499834502187816,
        -0.10189546291333214,
        0.08507876960945823,
        0.08428673662395263,
        -0.041454750721211985,
        0.11114893888833531,
        0.059377546481311494,
        -0.03384135629741794,
        0.07416783297971269,
        1.0
      ]
    ],
    "mean_distance_correlations": [
      [
        1.0,
        0.36067246790391544,
        0.3399152674554846,
        0.34784156075775674,
        0.34232586663627373,
        0.3458604565433064,
        0.3401035713731174,
        0.34011097006003466,
        0.3438330414066879,
        0.33955535301472506,
        0.3399486149287715,
        0.29177214578061134
      ],
      [
        0.36067246790391544,
        1.0,
        0.6553137878596906,
        0.6467472748172862,
        0.6535939368573526,
        0.6760307899814844,
        0.6060612560112281,
        0.6392434752435637,
        0.6030011253586594,
        0.6514442576048967,
        0.6367749829280406,
        0.4307073109741808
      ],
      [
        0.3399152674554846,
        0.6553137878596906,
        1.0,
        0.5977450296784215,
        0.6320566706689988,
        0.607901906493144,
        0.6006622638375911,
        0.5827954157452381,
        0.6015065735853303,
        0.6106757559477738,
        0.5871699944404561,
        0.416652926799014
      ],
      [
        0.34784156075775674,
        0.6467472748172862,
        0.5977450296784215,
        1.0,
        0.5867138907533075,
        0.6544442213663936,
        0.5977110222781294,
        0.6392832088405253,
        0.606754814785974,
        0.6124026840379354,
        0.594328387525235,
        0.4388300203813707
      ],
      [
        0.34232586663627373,
        0.6535939368573526,
        0.6320566706689988,
        0.5867138907533075,
        1.0,
        0.6070196503074632,
        0.6388227399182742,
        0.5682935396230466,
        0.6096970002084956,
        0.5781624088024117,
        0.6329806023535225,
        0.42150879237548544
      ],
      [
        0.3458604565433064,
        0.6760307899814844,
        0.607901906493144,
        0.6544442213663936,
        0.6070196503074632,
        1.0,
        0.5900190448053557,
        0.6433036726044893,
        0.618185130337986,
        0.5987073419329558,
        0.6052386574054761,
        0.4368143868264172
      ],
      [
        0.3401035713731174,
        0.6060612560112281,
        0.6006622638375911,
        0.5977110222781294,
        0.6388227399182742,
        0.5900190448053557,
        1.0,
        0.5672532193295773,
        0.6275609415425288,
        0.5853350083273005,
        0.62406931277347,
        0.4357831916731664
      ],
      [
        0.34011097006003466,
        0.6392434752435637,
        0.5827954157452381,
        0.6392832088405253,
        0.5682935396230466,
        0.6433036726044893,
        0.5672532193295773,
        1.0,
        0.5825076613769467,
        0.633462448220507,
        0.5998090621526595,
        0.4321482648347803
      ],
      [
        0.3438330414066879,
        0.6030011253586594,
        0.6015065735853303,
        0.606754814785974,
        0.6096970002084956,
        0.618185130337986,
        0.6275609415425288,
        0.5825076613769467,
        1.0,
        0.5615286283785234,
        0.6695535642241741,
        0.4234652807935937
      ],
      [
        0.33955535301472506,
        0.6514442576048967,
        0.6106757559477738,
        0.6124026840379354,
        0.5781624088024117,
        0.5987073419329558,
        0.5853350083273005,
        0.633462448220507,
        0.5615286283785234,
        1.0,
        0.5876525665533722,
        0.43386974322962757
      ],
      [
        0.3399486149287715,
        0.6367749829280406,
        0.5871699944404561,
        0.594328387525235,
        0.6329806023535225,
        0.6052386574054761,
        0.62406931277347,
        0.5998090621526595,
        0.6695535642241741,
        0.5876525665533722,
        1.0,
        0.42988211295439605
      ],
      [
        0.29177214578061134,
        0.4307073109741808,
        0.416652926799014,
        0.4388300203813707,
        0.42150879237548544,
        0.4368143868264172,
        0.4357831916731664,
        0.4321482648347803,
        0.4234652807935937,
        0.43386974322962757,
        0.42988211295439605,
        1.0
      ]
    ],
    "mean_real_fourier_distance_correlations": [
      [
        1.0,
        0.6265376666653295,
        0.7549612904449882,
        0.7024251919529069,
        0.7166029260925266,
        0.6679990006374473,
        0.6924280339595661,
        0.7098088143301365,
        0.6919690541801461,
        0.6894420046701957,
        0.5898427839873276
      ],
      [
        0.6265376666653295,
        1.0,
        0.7906826295531495,
        0.817670859504927,
        0.7878226552825812,
        0.7983381717744777,
        0.7770973618797945,
        0.7964900959479102,
        0.7751726184090123,
        0.7934859815896239,
        0.7550017742383724
      ],
      [
        0.7549612904449882,
        0.7906826295531495,
        1.0,
        0.8490198432105097,
        0.8818601686391452,
        0.8404405070457122,
        0.8531835285729867,
        0.8515946018680765,
        0.8529690403620575,
        0.8337589922159571,
        0.816591298532616
      ],
      [
        0.7024251919529069,
        0.817670859504927,
        0.8490198432105097,
        1.0,
        0.8462459284989465,
        0.8613691992337302,
        0.8412901771680038,
        0.8560116908598314,
        0.8392045088985037,
        0.8538556176346108,
        0.8311512358922876
      ],
      [
        0.7166029260925266,
        0.7878226552825812,
        0.8818601686391452,
        0.8462459284989465,
        1.0,
        0.8460261793786877,
        0.8789193890196587,
        0.8561891323910217,
        0.8622894590367214,
        0.8429916470620146,
        0.8412709537154883
      ],
      [
        0.6679990006374473,
        0.7983381717744777,
        0.8404405070457122,
        0.8613691992337302,
        0.8460261793786877,
        1.0,
        0.850038459650269,
        0.8837888912670369,
        0.8560032141194617,
        0.8682531853065188,
        0.8519484696952138
      ],
      [
        0.6924280339595661,
        0.7770973618797945,
        0.8531835285729867,
        0.8412901771680038,
        0.8789193890196587,
        0.850038459650269,
        1.0,
        0.8500352612456611,
        0.8533442479437765,
        0.8404231728244929,
        0.8474094498364153
      ],
      [
        0.7098088143301365,
        0.7964900959479102,
        0.8515946018680765,
        0.8560116908598314,
        0.8561891323910217,
        0.8837888912670369,
        0.8500352612456611,
        1.0,
        0.8563328556922708,
        0.8815768464285639,
        0.8462454624441498
      ],
      [
        0.6919690541801461,
        0.7751726184090123,
        0.8529690403620575,
        0.8392045088985037,
        0.8622894590367214,
        0.8560032141194617,
        0.8533442479437765,
        0.8563328556922708,
        1.0,
        0.8339673503178444,
        0.8710864108174294
      ],
      [
        0.6894420046701957,
        0.7934859815896239,
        0.8337589922159571,
        0.8538556176346108,
        0.8429916470620146,
        0.8682531853065188,
        0.8404231728244929,
        0.8815768464285639,
        0.8339673503178444,
        1.0,
        0.8223041254301662
      ],
      [
        0.5898427839873276,
        0.7550017742383724,
        0.8165912985326159,
        0.8311512358922876,
        0.8412709537154884,
        0.8519484696952138,
        0.8474094498364151,
        0.84624546244415,
        0.8710864108174295,
        0.8223041254301662,
        1.0
      ]
    ],
    "mean_imag_fourier_distance_correlations": [
      [
        1.0,
        0.7795097271194033,
        0.788439556846931,
        0.7285783347000421,
        0.7435499011726648,
        0.7184696840411253,
        0.7224619582699865,
        0.7280675024042178,
        0.7050640529402932,
        0.7323759986978203,
        0.6546191657702023
      ],
      [
        0.7795097271194033,
        1.0,
        0.8706708287483573,
        0.8346329505213211,
        0.8189457520927409,
        0.8204485218359409,
        0.8032311635753199,
        0.7937098732202804,
        0.7967174248015456,
        0.8088397228068018,
        0.7669899002970698
      ],
      [
        0.788439556846931,
        0.8706708287483573,
        1.0,
        0.8720428571961856,
        0.8575495863261726,
        0.8562481464447985,
        0.8486246193950988,
        0.8435311876244497,
        0.8228077361840603,
        0.8288732290484221,
        0.803223086746344
      ],
      [
        0.7285783347000421,
        0.8346329505213211,
        0.8720428571961856,
        1.0,
        0.8714516300408367,
        0.8713788032992983,
        0.8574800401369701,
        0.8468207971866254,
        0.8527047511936504,
        0.8535874960494456,
        0.8177385184730526
      ],
      [
        0.7435499011726648,
        0.8189457520927409,
        0.8575495863261726,
        0.8714516300408367,
        1.0,
        0.8651188706123645,
        0.8551864848709941,
        0.84523992635806,
        0.8473324883089002,
        0.8423364760072503,
        0.8307491570241343
      ],
      [
        0.7184696840411253,
        0.8204485218359409,
        0.8562481464447985,
        0.8713788032992983,
        0.8651188706123645,
        1.0,
        0.8610623738483683,
        0.8633143420058894,
        0.8523816393469161,
        0.8509051935583216,
        0.819183225709216
      ],
      [
        0.7224619582699865,
        0.8032311635753199,
        0.8486246193950988,
        0.8574800401369701,
        0.8551864848709941,
        0.8610623738483683,
        1.0,
        0.8560954441976378,
        0.8618237067370548,
        0.8529274845309385,
        0.8321151978371039
      ],
      [
        0.7280675024042178,
        0.7937098732202804,
        0.8435311876244497,
        0.8468207971866254,
        0.84523992635806,
        0.8633143420058894,
        0.8560954441976378,
        1.0,
        0.8414941395185126,
        0.8529799068876863,
        0.8161016882098747
      ],
      [
        0.7050640529402932,
        0.7967174248015456,
        0.8228077361840603,
        0.8527047511936504,
        0.8473324883089002,
        0.8523816393469161,
        0.8618237067370548,
        0.8414941395185126,
        1.0,
        0.8445306220659322,
        0.8505379704809782
      ],
      [
        0.7323759986978203,
        0.8088397228068018,
        0.8288732290484221,
        0.8535874960494456,
        0.8423364760072503,
        0.8509051935583216,
        0.8529274845309385,
        0.8529799068876863,
        0.8445306220659322,
        1.0,
        0.8046874318514348
      ],
      [
        0.6546191657702023,
        0.7669899002970698,
        0.803223086746344,
        0.8177385184730523,
        0.8307491570241342,
        0.819183225709216,
        0.8321151978371039,
        0.8161016882098747,
        0.8505379704809782,
        0.8046874318514348,
        1.0
      ]
    ],
    "mean_mutual_info": [
      [
        3.677377517639621,
        0.8726839378843683,
        0.8370538396739687,
        0.8994712919464343,
        0.8669005469028156,
        0.8868099617828227,
        0.8251567140127137,
        0.8613650384025466,
        0.8575432893138728,
        0.8268813986025165,
        0.8459324039293428,
        0.29626468585065896
      ],
      [
        0.8726839378843683,
        3.677377517639621,
        1.8959528575175115,
        1.9207514131479135,
        1.89355123231278,
        1.9151902025237562,
        1.786621344407271,
        1.809758854179846,
        1.799995209048828,
        1.8411224183273862,
        1.7678816016504026,
        1.0421750478753058
      ],
      [
        0.8370538396739687,
        1.8959528575175115,
        3.677377517639621,
        1.740807897932895,
        1.7441473508330776,
        1.733939630718345,
        1.6818315968660302,
        1.6436880679134247,
        1.6817986346293023,
        1.6780844134103086,
        1.629226838643998,
        0.9989660979628535
      ],
      [
        0.8994712919464343,
        1.9207514131479133,
        1.740807897932895,
        3.677377517639621,
        1.7271560341835754,
        1.7923246460717472,
        1.6977976591732777,
        1.7234331630122417,
        1.6987024024754984,
        1.7010431332747646,
        1.6703371276626655,
        1.0280998088754105
      ],
      [
        0.8669005469028156,
        1.89355123231278,
        1.7441473508330776,
        1.7271560341835754,
        3.677377517639621,
        1.7192672567033567,
        1.7408176788937044,
        1.63721499303631,
        1.6896067852814431,
        1.6526170084283494,
        1.636369932320633,
        0.9987708697823892
      ],
      [
        0.8868099617828227,
        1.9151902025237562,
        1.733939630718345,
        1.7923246460717472,
        1.7192672567033567,
        3.677377517639621,
        1.6705698382120944,
        1.7091226424576866,
        1.6712909718686182,
        1.688154241396972,
        1.6318457182201511,
        0.9910532847489784
      ],
      [
        0.8251567140127136,
        1.7866213444072714,
        1.68183159686603,
        1.6977976591732777,
        1.7408176788937044,
        1.6705698382120946,
        3.677377517639621,
        1.6219133014077716,
        1.6556995656464903,
        1.6263557561429451,
        1.615802501304413,
        1.0144695128915568
      ],
      [
        0.8613650384025466,
        1.8097588541798455,
        1.6436880679134247,
        1.7234331630122417,
        1.63721499303631,
        1.7091226424576866,
        1.6219133014077716,
        3.677377517639621,
        1.6495911570762438,
        1.6682778733397818,
        1.5745537627512263,
        0.9887423613562689
      ],
      [
        0.8575432893138728,
        1.799995209048828,
        1.6817986346293023,
        1.6987024024754982,
        1.6896067852814431,
        1.6712909718686182,
        1.6556995656464903,
        1.6495911570762443,
        3.677377517639621,
        1.6170739224462969,
        1.6845851072930205,
        0.9976349880843024
      ],
      [
        0.8268813986025164,
        1.8411224183273862,
        1.6780844134103086,
        1.7010431332747649,
        1.6526170084283496,
        1.6881542413969717,
        1.6263557561429451,
        1.6682778733397818,
        1.6170739224462967,
        3.677377517639621,
        1.6340139622772085,
        1.0060571443546074
      ],
      [
        0.8459324039293427,
        1.7678816016504033,
        1.6292268386439983,
        1.6703371276626655,
        1.636369932320633,
        1.6318457182201507,
        1.615802501304413,
        1.5745537627512263,
        1.6845851072930205,
        1.6340139622772085,
        3.677377517639621,
        0.9830452587095759
      ],
      [
        0.29626468585065896,
        1.0421750478753058,
        0.9989660979628532,
        1.0280998088754107,
        0.9987708697823892,
        0.9910532847489781,
        1.0144695128915568,
        0.9887423613562689,
        0.9976349880843024,
        1.0060571443546074,
        0.9830452587095759,
        3.677377517639621
      ]
    ],
    "mean_real_fourier_mutual_info": [
      [
        0.1049202159803114,
        0.0894284434892023,
        0.08997239276645544,
        0.09409696799015713,
        0.06878912136563642,
        0.0707554290149383,
        0.06751047269601033,
        0.06788164027317076,
        0.06453138565367678,
        0.07237968853349228,
        0.048183079280049744
      ],
      [
        0.09173072795551811,
        0.46191181582844615,
        0.17452847834631374,
        0.191292464206883,
        0.17260325108860086,
        0.1801765960177065,
        0.17501905699506343,
        0.16423400948732683,
        0.1549619545728569,
        0.16821162625275868,
        0.13558329016594184
      ],
      [
        0.09203483599508613,
        0.17425540876392312,
        0.7167644247041643,
        0.25611720186172904,
        0.26674884395749093,
        0.22423651890519458,
        0.26334483595916625,
        0.2287865374915356,
        0.24570623448332463,
        0.21791338170445892,
        0.2151367174891062
      ],
      [
        0.0897295846527384,
        0.19863255298847993,
        0.23734636980993717,
        0.9584086600983998,
        0.30919234129058354,
        0.31963860565286956,
        0.3000431465965524,
        0.2974140455695632,
        0.2941106439692794,
        0.3138274251834623,
        0.2884541932730234
      ],
      [
        0.0760152236496777,
        0.1784710838165065,
        0.261024896929696,
        0.3226705819632073,
        1.1912023108920504,
        0.42982013374400624,
        0.41904094974594785,
        0.3939712954109794,
        0.40949656356019704,
        0.37800250892079745,
        0.33550430659320546
      ],
      [
        0.07075874641149986,
        0.17840665834075864,
        0.24943265544061685,
        0.3236007530010739,
        0.4279749759655225,
        1.4004435498118608,
        0.43975138492603144,
        0.5018319378808657,
        0.4460380863526046,
        0.46208629736808665,
        0.39616942116886866
      ],
      [
        0.060865251392341356,
        0.17262873073819587,
        0.25561679213868543,
        0.31042806277420404,
        0.40583006539220634,
        0.447727575402222,
        1.5821772988670386,
        0.5361175365844211,
        0.5192953752944357,
        0.49122942229073396,
        0.45671799566757587
      ],
      [
        0.07284714302643339,
        0.16214035229680993,
        0.23699868285759526,
        0.303069124249299,
        0.3964524333206888,
        0.5026520437009715,
        0.5368953143621988,
        1.7414460063500317,
        0.6124109689043903,
        0.5588671136695796,
        0.48016195804784956
      ],
      [
        0.06492433698625662,
        0.15431662412235184,
        0.24359953077865537,
        0.2888037065683018,
        0.4092056890907512,
        0.4444383131099742,
        0.5176672573806036,
        0.6132839847774061,
        1.8401999746039999,
        0.5626917873844017,
        0.5318068082138186
      ],
      [
        0.07005303857526339,
        0.1678260255171469,
        0.22384857396318064,
        0.30782370592084213,
        0.3779422698474557,
        0.46399502752681676,
        0.4924992635605753,
        0.5609782247806907,
        0.5626917873844016,
        1.8269460063500313,
        0.49148408888153505
      ],
      [
        0.04767790762074275,
        0.13370270609368373,
        0.21794864054892849,
        0.2897455094682539,
        0.3368504029592046,
        0.3950991263842882,
        0.4580037099532901,
        0.47897148185737337,
        0.5318068082138188,
        0.491484088881535,
        1.8254380698420951
      ]
    ],
    "mean_complex_fourier_mutual_info": [
      [
        0.11112118761134723,
        0.09401181789732234,
        0.07547420468003199,
        0.07180185400541457,
        0.07955845720081704,
        0.08732374685857686,
        0.06855938400592336,
        0.07370997834376895,
        0.05696637817397455,
        0.06167054706191168,
        0.04750683321011724
      ],
      [
        0.09843750781505115,
        0.2255129083633622,
        0.14290233075809175,
        0.1235479427590774,
        0.1346154025181006,
        0.13592803790636618,
        0.10527569990495696,
        0.10407049299701894,
        0.1020408692982775,
        0.11222442514608598,
        0.09458709396530059
      ],
      [
        0.07735899884020211,
        0.13479655960245332,
        0.5997264930590898,
        0.2190842580151518,
        0.19594234205971303,
        0.20666422549063002,
        0.16320372987251613,
        0.16722044752346643,
        0.18059831863878772,
        0.17941988028188852,
        0.1490341642054935
      ],
      [
        0.08694205854549752,
        0.12933763291641465,
        0.2164338839183491,
        0.8762282941680337,
        0.2811864856358446,
        0.2976752106252883,
        0.23689795433365785,
        0.2294938259113405,
        0.24463190258314121,
        0.2436177347170826,
        0.21369755691300393
      ],
      [
        0.08384295642969931,
        0.12425933691065286,
        0.17703733438944663,
        0.2654949696355051,
        1.1410229148912263,
        0.3312118618497989,
        0.3215244123924467,
        0.29644292505780806,
        0.30788781676945115,
        0.28522244328557916,
        0.27419331389162227
      ],
      [
        0.07971770403045308,
        0.12429765762887181,
        0.20320339741425578,
        0.30505724045844596,
        0.32771518355430374,
        1.367696006350032,
        0.3839864788715964,
        0.3982712752646966,
        0.38975733714743027,
        0.3655697034222025,
        0.3220104035704989
      ],
      [
        0.06905875999849925,
        0.1094097282453652,
        0.17456876771074065,
        0.2393015875409178,
        0.31284977089637667,
        0.407540505532766,
        1.6071330811799638,
        0.49393119642246164,
        0.44596917791367174,
        0.4141977067398343,
        0.3745136742731283
      ],
      [
        0.06621181025471186,
        0.0973501817935697,
        0.17535515620594158,
        0.2409920604994137,
        0.3066305839597527,
        0.3953215860650073,
        0.47703096966509206,
        1.8246002013613696,
        0.5305442321655284,
        0.5263214416609489,
        0.44209394075178055
      ],
      [
        0.056021283661708485,
        0.1048679148427048,
        0.17716747662341453,
        0.23863109518947667,
        0.312225395312912,
        0.38736284180175184,
        0.44961392470127565,
        0.5332630530272064,
        2.016422196826222,
        0.5620296120881596,
        0.5434760067135679
      ],
      [
        0.061045395351123036,
        0.11540037283673955,
        0.17780072596658208,
        0.24119068369178961,
        0.28854579585893175,
        0.3664835184431604,
        0.4124936251071813,
        0.5266746162641234,
        0.562942310500858,
        2.09356505396908,
        0.47314018851518874
      ],
      [
        0.047188178070475824,
        0.09159585790517914,
        0.14893625732712443,
        0.21367117106729033,
        0.27259619654920414,
        0.32384600447752837,
        0.37511665991182835,
        0.4414034645613043,
        0.5430360974165157,
        0.4731401885151888,
        2.097184101588127
      ]
    ],
    "mean_cross_correlations": [
      [
        3440.39404296875,
        8.15772891221905,
        3.004198649323867,
        4.514395082093627,
        3.565973866942622,
        6.5244705707831505,
        5.057486170948756,
        5.366885258094561,
        6.416765417623342,
        4.374801114645719,
        6.950466456917626,
        3.3776116562842726
      ],
      [
        8.15772891221905,
        33.40967296412965,
        0.41603446016996415,
        0.44199000905709157,
        0.7588402127201977,
        0.518236700619574,
        0.7368610185614684,
        1.379248822170528,
        0.8423560178373978,
        1.0114702216606504,
        0.6224596847207035,
        0.036171112346197146
      ],
      [
        3.004198649323867,
        0.4160344601699641,
        35.094615825991355,
        0.979708251368642,
        0.09059190269153282,
        -0.0049395501527189235,
        1.5958488256518557,
        0.15587330025121213,
        1.729301745604348,
        3.1230739426407546,
        0.8762942885814473,
        0.1307575188332418
      ],
      [
        4.514395082093627,
        0.44199000905709157,
        0.9797082513686424,
        33.4773180469048,
        1.0902156823130178,
        1.3334700567312376,
        3.1060862187448164,
        0.5821878674895952,
        1.1809548068789808,
        1.7166767894078174,
        0.42543979708466184,
        0.3151824068005833
      ],
      [
        3.565973866942622,
        0.7588402127201977,
        0.09059190269153294,
        1.0902156823130178,
        32.68222592479579,
        0.5889395632391077,
        0.37048899955498077,
        0.8700835302286676,
        0.7009981072963558,
        1.1140406159006804,
        2.845227608016574,
        0.3848969391698382
      ],
      [
        6.5244705707831505,
        0.518236700619574,
        -0.0049395501527189235,
        1.3334700567312376,
        0.5889395632391076,
        34.33057580889988,
        0.8267557309238558,
        0.3321087638775149,
        2.436902990447207,
        0.10423163368011727,
        1.669741103136676,
        0.26512193183781974
      ],
      [
        5.057486170948756,
        0.7368610185614684,
        1.5958488256518557,
        3.1060862187448164,
        0.37048899955498077,
        0.8267557309238558,
        33.96480175611725,
        0.21992716869078519,
        1.92064395434104,
        0.015482661691251431,
        0.2245392028461596,
        -0.0025700515184109273
      ],
      [
        5.366885258094561,
        1.379248822170528,
        0.15587330025121215,
        0.5821878674895952,
        0.8700835302286678,
        0.3321087638775148,
        0.2199271686907851,
        31.17285934836615,
        0.17484361750343433,
        0.21979467811180842,
        0.6612076247917338,
        -0.007110788750595557
      ],
      [
        6.416765417623342,
        0.8423560178373981,
        1.729301745604348,
        1.1809548068789808,
        0.7009981072963555,
        2.436902990447207,
        1.92064395434104,
        0.17484361750343433,
        33.020175169604784,
        1.266234296575183,
        0.04933224063855814,
        0.006369947634432145
      ],
      [
        4.374801114645719,
        1.0114702216606504,
        3.1230739426407546,
        1.7166767894078174,
        1.1140406159006802,
        0.10423163368011727,
        0.015482661691251431,
        0.21979467811180828,
        1.266234296575183,
        33.92311852827352,
        1.5940526335870338,
        0.006810038829513513
      ],
      [
        6.950466456917626,
        0.6224596847207035,
        0.8762942885814473,
        0.42543979708466184,
        2.845227608016574,
        1.669741103136676,
        0.2245392028461596,
        0.6612076247917341,
        0.04933224063855812,
        1.5940526335870338,
        27.357323948024792,
        0.06793851808623377
      ],
      [
        3.3776116562842726,
        0.036171112346197146,
        0.1307575188332418,
