{
  "(11, 3)": {
    "mean_losses": 0.3590485751628876,
    "mean_pearson_correlations": [
      [
        0.9999999999999996,
        -0.10526424333943982,
        -0.10655335909017659,
        -0.10457730010014409,
        -0.10563162674489422,
        -0.10545140954689616,
        -0.10535113770309602,
        -0.10659280197487211,
        -0.10519000487506926,
        -0.10254962049474782,
        -0.10641747535341156,
        -0.14747945980647625
      ],
      [
        -0.10526424333943982,
        1.0,
        0.99460906686389,
        0.990891047201945,
        0.9982864078194568,
        0.9897627046352068,
        0.9986505598493732,
        0.9904306728966259,
        0.9988520220248689,
        0.992088046900603,
        0.9985320673280682,
        0.878206136299456
      ],
      [
        -0.1065533590901766,
        0.99460906686389,
        1.0,
        0.9893322841387261,
        0.994954319760779,
        0.9877539718526737,
        0.9953268379462044,
        0.9868023441504864,
        0.9954320385415565,
        0.9878073901931717,
        0.9951367083823338,
        0.8755106110165604
      ],
      [
        -0.10457730010014409,
        0.990891047201945,
        0.9893322841387261,
        1.0,
        0.9912123414963131,
        0.9766219479239099,
        0.9914589218430718,
        0.9838411589649145,
        0.9916305946110541,
        0.9857749048923367,
        0.9915171385645496,
        0.8726747486541074
      ],
      [
        -0.10563162674489425,
        0.9982864078194568,
        0.994954319760779,
        0.9912123414963133,
        1.0,
        0.9903703737446448,
        0.9989583082018614,
        0.9900164394110557,
        0.9990055538097425,
        0.9926826923904853,
        0.9988830898350861,
        0.879941557829326
      ],
      [
        -0.10545140954689616,
        0.9897627046352069,
        0.9877539718526737,
        0.9766219479239099,
        0.9903703737446448,
        1.0,
        0.9907065273564518,
        0.9743240492639322,
        0.9907045384420289,
        0.983730993375069,
        0.9904250011912273,
        0.8729826668311627
      ],
      [
        -0.10535113770309602,
        0.9986505598493732,
        0.9953268379462042,
        0.9914589218430718,
        0.9989583082018614,
        0.9907065273564518,
        1.0,
        0.9911134259974881,
        0.999622450035182,
        0.992836088439945,
        0.9994332912001209,
        0.8777264926020522
      ],
      [
        -0.10659280197487213,
        0.9904306728966259,
        0.9868023441504864,
        0.9838411589649145,
        0.9900164394110557,
        0.9743240492639322,
        0.9911134259974882,
        1.0,
        0.9912677377307202,
        0.9768447033694343,
        0.9910762552681004,
        0.8729846223047869
      ],
      [
        -0.10519000487506924,
        0.9988520220248689,
        0.9954320385415565,
        0.9916305946110541,
        0.9990055538097425,
        0.9907045384420288,
        0.999622450035182,
        0.9912677377307204,
        1.0,
        0.9929004458224883,
        0.9994990263765808,
        0.8778289879405088
      ],
      [
        -0.1025496204947478,
        0.992088046900603,
        0.9878073901931718,
        0.9857749048923367,
        0.9926826923904853,
        0.9837309933750692,
        0.9928360884399449,
        0.9768447033694343,
        0.9929004458224883,
        1.0,
        0.9927665479071797,
        0.8745944124406888
      ],
      [
        -0.10641747535341156,
        0.9985320673280684,
        0.9951367083823338,
        0.9915171385645497,
        0.9988830898350861,
        0.9904250011912273,
        0.9994332912001209,
        0.9910762552681005,
        0.9994990263765808,
        0.9927665479071797,
        1.0,
        0.8815753633810204
      ],
      [
        -0.1474794598064762,
        0.878206136299456,
        0.8755106110165601,
        0.8726747486541074,
        0.8799415578293259,
        0.8729826668311627,
        0.8777264926020522,
        0.8729846223047869,
        0.8778289879405088,
        0.8745944124406887,
        0.8815753633810202,
        0.9999999999999989
      ]
    ],
    "mean_real_fourier_pearson_correlations": [
      [
        1.0,
        0.9400416502475888,
        0.9747748102905017,
        0.944678616092011,
        0.9703285001879568,
        0.950894017553604,
        0.9695758588920265,
        0.9531322126568709,
        0.9862276794928646,
        0.9501229442004715,
        0.9674928469606888
      ],
      [
        0.9400416502475889,
        1.0,
        0.9581129137414668,
        0.8834151845774219,
        0.918574866547236,
        0.8976092435911837,
        0.9211966520476884,
        0.9151303241747936,
        0.9351620511880055,
        0.8808512739696894,
        0.9146628052344232
      ],
      [
        0.9747748102905017,
        0.9581129137414668,
        1.0,
        0.9504340041920234,
        0.9566209611166223,
        0.9312399756863259,
        0.955852393510256,
        0.9451335975179346,
        0.96890295037561,
        0.9204377216995815,
        0.9373938913377282
      ],
      [
        0.9446786160920108,
        0.8834151845774219,
        0.9504340041920236,
        1.0,
        0.9639438104937519,
        0.911561916790579,
        0.9397684469047811,
        0.9284483995288503,
        0.9448194075417942,
        0.8920190091560178,
        0.9036641804112484
      ],
      [
        0.9703285001879568,
        0.918574866547236,
        0.9566209611166223,
        0.9639438104937519,
        1.0,
        0.9691813395267865,
        0.9638921599875748,
        0.9426862339933854,
        0.9670761423076998,
        0.9222446898380879,
        0.9404806112399774
      ],
      [
        0.950894017553604,
        0.8976092435911838,
        0.9312399756863259,
        0.9115619167905789,
        0.9691813395267868,
        1.0,
        0.9686956475878568,
        0.9177748969847629,
        0.9468336015137544,
        0.9043809330388177,
        0.9269372844601529
      ],
      [
        0.9695758588920265,
        0.9211966520476884,
        0.9558523935102557,
        0.9397684469047811,
        0.9638921599875748,
        0.9686956475878568,
        1.0,
        0.972850132592638,
        0.9724895099386097,
        0.9321588167948811,
        0.9321765192917664
      ],
      [
        0.9531322126568709,
        0.9151303241747933,
        0.9451335975179346,
        0.9284483995288504,
        0.9426862339933852,
        0.9177748969847629,
        0.972850132592638,
        1.0,
        0.9800853343755882,
        0.9256216908069304,
        0.9054274293378113
      ],
      [
        0.9862276794928646,
        0.9351620511880057,
        0.96890295037561,
        0.9448194075417942,
        0.9670761423076998,
        0.9468336015137543,
        0.9724895099386096,
        0.9800853343755882,
        1.0,
        0.9459592148129643,
        0.9437935045456542
      ],
      [
        0.9501229442004717,
        0.8808512739696894,
        0.9204377216995815,
        0.8920190091560178,
        0.9222446898380879,
        0.9043809330388177,
        0.9321588167948811,
        0.9256216908069304,
        0.9459592148129643,
        1.0,
        0.8690584732091909
      ],
      [
        0.9674928469606888,
        0.9146628052344232,
        0.937393891337728,
        0.9036641804112483,
        0.9404806112399774,
        0.9269372844601527,
        0.9321765192917664,
        0.9054274293378113,
        0.9437935045456541,
        0.869058473209191,
        1.0
      ]
    ],
    "mean_imag_fourier_pearson_correlations": [
      [
        1.0,
        0.10739030889642294,
        -0.05446804148579,
        -0.019636659266760104,
        -0.018982686505084695,
        0.033817865540355554,
        -0.09049751727427127,
        -0.2722446567729656,
        0.0076340336264930485,
        0.020340592631332016,
        -0.0006881295869151172
      ],
      [
        0.10739030889642293,
        1.0,
        0.10050190539566457,
        0.1539845372895317,
        0.17269941734563768,
        -0.0817071131837437,
        -0.12910199496121882,
        -0.07326312659814292,
        0.12441440856999897,
        -0.01981592602279615,
        0.11032857406497978
      ],
      [
        -0.05446804148579,
        0.10050190539566457,
        1.0,
        0.22027742451943597,
        0.060325859615835614,
        -0.05298495670714064,
        0.181064951549584,
        -0.12923918701146456,
        0.06491277376264214,
        0.004621619949768734,
        0.0681708956369641
      ],
      [
        -0.019636659266760104,
        0.1539845372895317,
        0.22027742451943597,
        1.0,
        0.0722803749487846,
        -0.04385150835281037,
        0.12699531889764185,
        -0.17750273343995215,
        -0.004666966801625066,
        -0.02879932271786712,
        0.02977795596441719
      ],
      [
        -0.018982686505084695,
        0.17269941734563765,
        0.060325859615835614,
        0.0722803749487846,
        1.0,
        -0.10757547493231792,
        0.06737006053933026,
        0.04889127625100597,
        -0.11057929638855456,
        -0.06316001627536562,
        0.019088807528006183
      ],
      [
        0.033817865540355554,
        -0.0817071131837437,
        -0.05298495670714064,
        -0.04385150835281037,
        -0.10757547493231792,
        1.0,
        -0.02672204307880943,
        0.04835285146338539,
        0.01599202278877863,
        0.006796822814718886,
        -0.052858056084276635
      ],
      [
        -0.09049751727427127,
        -0.12910199496121882,
        0.181064951549584,
        0.12699531889764185,
        0.06737006053933026,
        -0.02672204307880943,
        1.0,
        -0.09871009586146919,
        -0.11952015885604625,
        -0.029481008837024536,
        -0.12869276981701133
      ],
      [
        -0.2722446567729656,
        -0.07326312659814292,
        -0.12923918701146456,
        -0.17750273343995215,
        0.04889127625100597,
        0.04835285146338539,
        -0.09871009586146919,
        1.0,
        0.06462148115206641,
        -0.07208003843853578,
        0.027972271022862885
      ],
      [
        0.0076340336264930485,
        0.12441440856999895,
        0.06491277376264214,
        -0.004666966801625066,
        -0.11057929638855456,
        0.01599202278877863,
        -0.11952015885604625,
        0.06462148115206641,
        1.0,
        0.016743583237698187,
        -0.20418853225055678
      ],
      [
        0.020340592631332016,
        -0.01981592602279615,
        0.004621619949768734,
        -0.02879932271786712,
        -0.06316001627536562,
        0.006796822814718886,
        -0.029481008837024526,
        -0.07208003843853578,
        0.016743583237698187,
        1.0,
        -0.3830508974906175
      ],
      [
        -0.0006881295869151172,
        0.11032857406497978,
        0.06817089563696412,
        0.029777955964417183,
        0.01908880752800619,
        -0.05285805608427665,
        -0.1286927698170113,
        0.027972271022862878,
        -0.20418853225055678,
        -0.3830508974906175,
        1.0
      ]
    ],
    "mean_distance_correlations": [
      [
        1.0,
        0.3679801366707769,
        0.3674859014989446,
        0.36672145797886413,
        0.3680498720452461,
        0.36610278334175606,
        0.36799862239757536,
        0.36594542024174836,
        0.3680224999173742,
        0.3680593840475895,
        0.3683348334761205,
        0.3649277346623142
      ],
      [
        0.3679801366707769,
        1.0,
        0.992376892936854,
        0.9904186483844422,
        0.996058344821871,
        0.9916360838946419,
        0.996622075159826,
        0.9918384333762458,
        0.9970011853783558,
        0.991194734266173,
        0.9962813017319079,
        0.8422196936708737
      ],
      [
        0.3674859014989446,
        0.992376892936854,
        1.0,
        0.9898580845039439,
        0.9928396261224449,
        0.98975527395749,
        0.9936616600407163,
        0.9887006635024176,
        0.9938353021875409,
        0.9877186998223951,
        0.993289790119554,
        0.8436869967172604
      ],
      [
        0.36672145797886413,
        0.9904186483844422,
        0.9898580845039439,
        1.0,
        0.9917634445209549,
        0.9844147004089752,
        0.9917087143092032,
        0.9888679973471356,
        0.9919519895108405,
        0.9875198804639299,
        0.9917087129547133,
        0.8434358415465221
      ],
      [
        0.3680498720452461,
        0.996058344821871,
        0.9928396261224449,
        0.9917634445209549,
        1.0,
        0.9928772667361763,
        0.9975410170692391,
        0.9924538833355893,
        0.9976414303609394,
        0.9921255125951173,
        0.9973770774580664,
        0.8441016932020671
      ],
      [
        0.36610278334175606,
        0.9916360838946419,
        0.98975527395749,
        0.9844147004089752,
        0.9928772667361763,
        1.0,
        0.9935009076770718,
        0.9855101762242117,
        0.9935944619896901,
        0.9871277713785603,
        0.9928221574302831,
        0.8434828818347953
      ],
      [
        0.36799862239757536,
        0.996622075159826,
        0.9936616600407163,
        0.9917087143092032,
        0.9975410170692391,
        0.9935009076770718,
        1.0,
        0.9933954854764366,
        0.9989115875955094,
        0.9927353197462274,
        0.9983747212904852,
        0.8414202531508511
      ],
      [
        0.36594542024174836,
        0.9918384333762458,
        0.9887006635024176,
        0.9888679973471356,
        0.9924538833355893,
        0.9855101762242117,
        0.9933954854764366,
        1.0,
        0.9936852276901873,
        0.9843878190788514,
        0.9930945666447584,
        0.8428862713289833
      ],
      [
        0.3680224999173742,
        0.9970011853783558,
        0.9938353021875409,
        0.9919519895108405,
        0.9976414303609394,
        0.9935944619896901,
        0.9989115875955094,
        0.9936852276901873,
        1.0,
        0.9929746983249887,
        0.9985416753959687,
        0.8414746567078468
      ],
      [
        0.3680593840475895,
        0.991194734266173,
        0.9877186998223951,
        0.9875198804639299,
        0.9921255125951173,
        0.9871277713785603,
        0.9927353197462274,
        0.9843878190788514,
        0.9929746983249887,
        1.0,
        0.9932401160727328,
        0.8443690868483321
      ],
      [
        0.3683348334761205,
        0.9962813017319079,
        0.993289790119554,
        0.9917087129547133,
        0.9973770774580664,
        0.9928221574302831,
        0.9983747212904852,
        0.9930945666447584,
        0.9985416753959687,
        0.9932401160727328,
        1.0,
        0.8456943858458468
      ],
      [
        0.3649277346623142,
        0.8422196936708737,
        0.8436869967172604,
        0.8434358415465221,
        0.8441016932020671,
        0.8434828818347953,
        0.8414202531508511,
        0.8428862713289833,
        0.8414746567078468,
        0.8443690868483321,
        0.8456943858458468,
        1.0
      ]
    ],
    "mean_real_fourier_distance_correlations": [
      [
        1.0,
        0.9361202753319214,
        0.9509257005829821,
        0.9417393016873494,
        0.9447158059046036,
        0.9486289656792062,
        0.9492431664962264,
        0.954566027307788,
        0.9503360243572616,
        0.9598202739361803,
        0.9254848573718334
      ],
      [
        0.9361202753319214,
        1.0,
        0.9643001737130217,
        0.9800232430297967,
        0.9574863702583032,
        0.9779399109603955,
        0.956736862110613,
        0.9782410856400442,
        0.9599828627005048,
        0.9811565163080529,
        0.9531592465592518
      ],
      [
        0.9509257005829821,
        0.9643001737130217,
        1.0,
        0.9623543107621192,
        0.967933075299048,
        0.9600375203602745,
        0.9646350310482571,
        0.9608841735422259,
        0.975193498672929,
        0.970910152188361,
        0.962114244922345
      ],
      [
        0.9417393016873494,
        0.9800232430297967,
        0.9623543107621192,
        1.0,
        0.9598963568330536,
        0.9898393825826243,
        0.9594670504555017,
        0.9901350780887168,
        0.9584185558733733,
        0.9906469683440708,
        0.9472852092275764
      ],
      [
        0.9447158059046036,
        0.9574863702583032,
        0.967933075299048,
        0.9598963568330536,
        1.0,
        0.9597782665622988,
        0.9748809098379796,
        0.9578429607061457,
        0.9754486848849575,
        0.9663174500336331,
        0.9681937962801517
      ],
      [
        0.9486289656792062,
        0.9779399109603955,
        0.9600375203602745,
        0.9898393825826243,
        0.9597782665622988,
        1.0,
        0.9602693230882331,
        0.9923821783135786,
        0.9587042589067468,
        0.9915002280894353,
        0.9505201080028397
      ],
      [
        0.9492431664962264,
        0.956736862110613,
        0.9646350310482571,
        0.9594670504555017,
        0.9748809098379796,
        0.9602693230882331,
        1.0,
        0.9616968306931533,
        0.9740139023755064,
        0.9676251252163717,
        0.9648567619757757
      ],
      [
        0.954566027307788,
        0.9782410856400442,
        0.9608841735422259,
        0.9901350780887168,
        0.9578429607061457,
        0.9923821783135786,
        0.9616968306931533,
        1.0,
        0.9625611577645126,
        0.9936957669490308,
        0.9488608977998328
      ],
      [
        0.9503360243572616,
        0.9599828627005048,
        0.975193498672929,
        0.9584185558733733,
        0.9754486848849575,
        0.9587042589067468,
        0.9740139023755064,
        0.9625611577645126,
        1.0,
        0.9689007805212558,
        0.9747555653371515
      ],
      [
        0.9598202739361803,
        0.9811565163080529,
        0.970910152188361,
        0.9906469683440708,
        0.9663174500336331,
        0.9915002280894353,
        0.9676251252163717,
        0.9936957669490308,
        0.9689007805212558,
        1.0,
        0.9570678508816017
      ],
      [
        0.9254848573718334,
        0.9531592465592518,
        0.9621142449223449,
        0.9472852092275762,
        0.9681937962801517,
        0.9505201080028398,
        0.9648567619757757,
        0.9488608977998328,
        0.9747555653371515,
        0.9570678508816017,
        1.0
      ]
    ],
    "mean_imag_fourier_distance_correlations": [
      [
        1.0,
        0.6390482827634006,
        0.6770243255275843,
        0.9233478049375463,
        0.6688911298109533,
        0.9226658768723798,
        0.6713024371581257,
        0.9605618930638343,
        0.526284253108863,
        0.8168556475318367,
        0.3212032409363755
      ],
      [
        0.6390482827634006,
        1.0,
        0.8998729371253673,
        0.8101623728307565,
        0.9091795203880588,
        0.8060738298511463,
        0.8972974326678937,
        0.7773960798524367,
        0.8954199802193367,
        0.8236208972810505,
        0.8827482262965511
      ],
      [
        0.6770243255275843,
        0.8998729371253673,
        1.0,
        0.8361751138474895,
        0.9050144635867333,
        0.8123868467077563,
        0.8872961284848867,
        0.7955298911990529,
        0.8533421968099799,
        0.8652569938432404,
        0.8188084178585426
      ],
      [
        0.9233478049375463,
        0.8101623728307565,
        0.8361751138474895,
        1.0,
        0.8385498511536572,
        0.9619353891910106,
        0.8342876839152674,
        0.9648070125416314,
        0.7495097249893168,
        0.8863003850080937,
        0.612772615937445
      ],
      [
        0.6688911298109533,
        0.9091795203880588,
        0.9050144635867333,
        0.8385498511536572,
        1.0,
        0.8281087773931813,
        0.9130356717079979,
        0.7999989688221395,
        0.8904618196422089,
        0.8458061609773836,
        0.8351556821701723
      ],
      [
        0.9226658768723798,
        0.8060738298511463,
        0.8123868467077563,
        0.9619353891910106,
        0.8281087773931813,
        1.0,
        0.8221252312114535,
        0.9591666513586304,
        0.7301070429772387,
        0.8898003850232183,
        0.603926052639887
      ],
      [
        0.6713024371581257,
        0.8972974326678937,
        0.8872961284848867,
        0.8342876839152674,
        0.9130356717079979,
        0.8221252312114535,
        1.0,
        0.7883385663053987,
        0.8872801767133296,
        0.8466079806948446,
        0.8387872032079637
      ],
      [
        0.9605618930638343,
        0.7773960798524367,
        0.7955298911990529,
        0.9648070125416314,
        0.7999989688221395,
        0.9591666513586304,
        0.7883385663053987,
        1.0,
        0.6994057005214409,
        0.8871930716575338,
        0.5477515826805254
      ],
      [
        0.526284253108863,
        0.8954199802193367,
        0.8533421968099799,
        0.7495097249893168,
        0.8904618196422089,
        0.7301070429772387,
        0.8872801767133296,
        0.6994057005214409,
        1.0,
        0.7395279640936652,
        0.8988724587529152
      ],
      [
        0.8168556475318367,
        0.8236208972810505,
        0.8652569938432404,
        0.8863003850080937,
        0.8458061609773836,
        0.8898003850232183,
        0.8466079806948446,
        0.8871930716575338,
        0.7395279640936652,
        1.0,
        0.7127338959204159
      ],
      [
        0.3212032409363755,
        0.8827482262965511,
        0.8188084178585424,
        0.612772615937445,
        0.8351556821701722,
        0.6039260526398869,
        0.8387872032079638,
        0.5477515826805255,
        0.8988724587529154,
        0.7127338959204159,
        1.0
      ]
    ],
    "mean_mutual_info": [
      [
        3.677377517639621,
        0.8795520051197915,
        0.8900960453793784,
        0.9279942970498322,
        0.8850689490247307,
        0.9369194276312924,
        0.8688910469904763,
        0.9323019092916275,
        0.8650719971081301,
        0.9093713386965067,
        0.8757271266523948,
        1.044134255666437
      ],
      [
        0.8795520051197913,
        3.677377517639621,
        2.9853079231443447,
        2.7538076177618955,
        2.957331356196101,
        2.8624658579070035,
        3.049211745633849,
        2.8505622739015655,
        3.0205239173510203,
        2.782999652759404,
        3.0209359014780053,
        2.1372193267003503
      ],
      [
        0.8901142271975602,
        2.985307923144345,
        3.677377517639621,
        2.8758702165420504,
        3.0118413372886352,
        2.9050658694998486,
        3.085909959939248,
        2.915541326102397,
        3.086203791190058,
        2.8278238962375664,
        3.0469615242318087,
        2.137388346277715
      ],
      [
        0.9279942970498322,
        2.7538076177618955,
        2.8758702165420504,
        3.677377517639621,
        2.896822648026354,
        2.7183763749719008,
        2.888738183062167,
        2.797268922497564,
        2.841328126752701,
        2.6671146706679125,
        2.829517880855484,
        2.1307528465237904
      ],
      [
        0.8850571843188483,
        2.9573313561961005,
        3.0118413372886352,
        2.896822648026354,
        3.677377517639621,
        2.8806339989712484,
        3.07074440564665,
        2.8858854688497253,
        3.030182414304659,
        2.790541367894973,
        3.025081378314505,
        2.1434822207360194
      ],
      [
        0.9369194276312924,
        2.8624658579070035,
        2.9050658694998486,
        2.7183763749719008,
        2.8806339989712484,
        3.677377517639621,
        2.9344545485404954,
        2.7965355187331564,
        2.960244020307842,
        2.7405953678100743,
        2.894194139994773,
        2.1106961479528548
      ],
      [
        0.8688910469904763,
        3.049211745633849,
        3.085909959939249,
        2.888738183062167,
        3.0707444056466504,
        2.934454548540495,
        3.677377517639621,
        2.985408604194962,
        3.2633109159080194,
        2.879838520462003,
        3.127350353137457,
        2.126728308910741
      ],
      [
        0.9323019092916275,
        2.8505622739015655,
        2.915541326102396,
        2.7972689224975635,
        2.8858854688497253,
        2.7965355187331564,
        2.985408604194962,
        3.677377517639621,
        3.053457948803397,
        2.6987421912826055,
        2.9422792455416005,
        2.1317246295686147
      ],
      [
        0.8650719971081301,
        3.0205239173510203,
        3.086203791190058,
        2.841328126752701,
        3.0301824143046594,
        2.960244020307842,
        3.26331091590802,
        3.053457948803397,
        3.677377517639621,
        2.8922075325842567,
        3.1779903603524633,
        2.119272599714103
      ],
      [
        0.9093713386965065,
        2.7829996527594028,
        2.8278238962375655,
        2.6671146706679125,
        2.790541367894973,
        2.7405953678100747,
        2.8798385204620036,
        2.6987421912826064,
        2.8922075325842567,
        3.677377517639621,
        2.971194766430517,
        2.1077140510077923
      ],
      [
        0.8757271266523949,
        3.0209359014780053,
        3.0469615242318095,
        2.829517880855484,
        3.025081378314505,
        2.894194139994773,
        3.1273503531374565,
        2.9422792455416005,
        3.1779903603524633,
        2.971194766430517,
        3.677377517639621,
        2.164485437051606
      ],
      [
        1.044134255666437,
        2.1372193267003503,
        2.137388346277715,
        2.130752846523791,
        2.14348222073602,
        2.110696147952855,
        2.126728308910741,
        2.1317246295686147,
        2.1192725997141033,
        2.1077140510077923,
        2.1644854370516056,
        3.677377517639621
      ]
    ],
    "mean_real_fourier_mutual_info": [
      [
        0.12573252181909886,
        0.10476720348712856,
        0.101562633633178,
        0.09061936596091862,
        0.08411853390192649,
        0.0993702767288573,
        0.09414346142906545,
        0.09695954491476413,
        0.11840086162056564,
        0.08160806731394986,
        0.1253588513514435
      ],
      [
        0.06710293557164432,
        0.5054716150395059,
        0.27690592328617575,
        0.27364171343096616,
        0.3070224613134833,
        0.27990639717629984,
        0.25852509776658406,
        0.27717761508562044,
        0.20765874479673724,
        0.20828240778174448,
        0.28349799377895385
      ],
      [
        0.13277204560718533,
        0.29529579003318535,
        0.6992997425609105,
        0.3567152220844174,
        0.3555484444749154,
        0.3393190867481007,
        0.3276014362232853,
        0.3593054777712011,
        0.3374669550763097,
        0.32661901723843356,
        0.413025810074572
      ],
      [
        0.12510087425965388,
        0.2990183156647113,
        0.3590356926191737,
        0.9234542943583199,
        0.46458413334662824,
        0.42883271038346243,
        0.45488079506124657,
        0.44446467604749373,
        0.406217338053694,
        0.37552355720843145,
        0.4508667793294069
      ],
      [
        0.10043816058300832,
        0.2760338810697062,
        0.3488922567472991,
        0.4672908023390115,
        1.1436790880831131,
        0.5260595982064362,
        0.5349119655182242,
        0.4942306070999131,
        0.5126208161913606,
        0.47455742710121335,
        0.587499366474599
      ],
      [
        0.07577081849383963,
        0.2417856554841297,
        0.334662484091498,
        0.4349472228551179,
        0.5444203247814485,
        1.1611800395126364,
        0.546826556320807,
        0.5246182116898618,
        0.5255395940325179,
        0.48283280487592767,
        0.5747556124195888
      ],
      [
        0.09859967573501441,
        0.24165359815868478,
        0.3284036683826602,
        0.42271594932497214,
        0.518734957341216,
        0.5369634115290909,
        1.2914208463248715,
        0.5910179427678327,
        0.5647597592302372,
        0.5392607022361559,
        0.6092271192000298
      ],
      [
        0.10219349560868828,
        0.2869318846256042,
        0.3462017587389106,
        0.4619309954423845,
        0.4936315210008271,
        0.5155080625797126,
        0.6067104143174471,
        1.221093549283289,
        0.5704386154576341,
        0.5037220665062331,
        0.5680000902908914
      ],
      [
        0.12024407726121607,
        0.21439709810231733,
        0.31402659913595377,
        0.41191565032343486,
        0.49715771579968865,
        0.5363879652380319,
        0.5472284254846178,
        0.5828779063254964,
        1.3702037195363164,
        0.5311772404950205,
        0.5538781942212949
      ],
      [
        0.1077051344236221,
        0.17926011261659217,
        0.3602079626845219,
        0.3684733957296985,
        0.4782373212811076,
        0.4781872335160708,
        0.5389546141443536,
        0.5138830985958367,
        0.5467009469472984,
        1.2609306143346395,
        0.5702040463345199
      ],
      [
        0.11481425317847284,
        0.27231706359802366,
        0.40114704069580254,
        0.43700083046345795,
        0.57077525460763,
        0.5520380971306451,
        0.6345010489739594,
        0.5661955482720635,
        0.5571680657254521,
        0.5585660679108272,
        1.395891859438742
      ]
    ],
    "mean_complex_fourier_mutual_info": [
      [
        0.12363272671764523,
        0.07977213047325851,
        0.07885076580012469,
        0.07667949300932532,
        0.07649325002155632,
        0.09806475775195399,
        0.06747409492157415,
        0.06776876375626958,
        0.050547181633869134,
        0.07447185463970098,
        0.02760179918693865
      ],
      [
        0.09905422582479219,
        0.26825198896063607,
        0.15692050330949076,
        0.13495857348378373,
        0.16256943514329636,
        0.133111699306967,
        0.13689176554767007,
        0.14955231460350885,
        0.14324944156700017,
        0.1340051913130197,
        0.14466445619674292
      ],
      [
        0.05750742764696794,
        0.14314955251310874,
        0.524342004531744,
        0.23137614897920109,
        0.23654748662234323,
        0.24865550301419415,
        0.22760357991804292,
        0.21880318889916445,
        0.24213473237002683,
        0.21581251198389673,
        0.20958391454565742
      ],
      [
        0.13588018637299962,
        0.12569856781300856,
        0.2195332719314368,
        0.8375047809088063,
        0.3228410627899795,
        0.34728899596480345,
        0.3116276897705472,
        0.32158679997578743,
        0.29169932981985197,
        0.3084790077401757,
        0.2748968157499783
      ],
      [
        0.06314726586254694,
        0.13878259211916902,
        0.24022173418093407,
        0.3048555271615867,
        1.0672576259473658,
        0.4068003530697032,
        0.39994019920158813,
        0.39165704893170633,
        0.42004338616811,
        0.37417529005631645,
        0.3893450225548857
      ],
      [
        0.11393282358541132,
        0.12524645079886135,
        0.20612864627305175,
        0.34861136935860526,
        0.38560647551868266,
        1.2737507201547453,
        0.46150229304497337,
        0.49343545715018533,
        0.44468540607262436,
        0.4625482068179992,
        0.42450191226860867
      ],
      [
        0.05868441028724115,
        0.1721979651837017,
        0.2368014746159376,
        0.29643233486090653,
        0.39346400872539766,
        0.4647781811780045,
        1.4015161980630806,
        0.4974980179860766,
        0.49794393229422,
        0.4832799394898026,
        0.5206612504405519
      ],
      [
        0.10541031185712779,
        0.1290558904337101,
        0.21772323446206715,
        0.33876542294012457,
        0.38478928970680437,
        0.501468749254906,
        0.4774538002990018,
        1.3787096976851516,
        0.4905302965254318,
        0.505175554808682,
        0.4674877664066079
      ],
      [
        0.05323879794832937,
        0.1342196164647514,
        0.22752099161342898,
        0.28637276485042984,
        0.40964470548371495,
        0.46045562527141504,
        0.5050180063682942,
        0.4825533501913426,
        1.5007105222574049,
        0.5271683218987512,
        0.5834084804412095
      ],
      [
        0.11313408495120159,
        0.12514621431118567,
        0.2119224073795065,
        0.31304665702211065,
        0.36962200207445695,
        0.46700890220726615,
        0.48324403623961365,
        0.5131842471745174,
        0.5380511639244503,
        1.5122040631080886,
        0.5183580992123674
      ],
      [
        0.030723382241294804,
        0.10767001961296531,
        0.20698885352202506,
        0.2555375427478481,
        0.3726042474569676,
        0.42261075580602364,
        0.49995716880789887,
        0.4799500765832038,
        0.5554183065938929,
        0.5292844030672428,
        1.5479444946342342
      ]
    ],
    "mean_cross_correlations": [
      [
        3440.39404296875,
        110.13111539653877,
        85.20597200270018,
        91.19527045993131,
        86.61356840819792,
        91.25150431131631,
        87.0690997422087,
        91.54221440837678,
        87.71256580896652,
        92.1457966256185,
        86.86838798455075,
        29.075109679102116
      ],
      [
        110.13111539653877,
        48.150398565259614,
        37.418856895527945,
        39.67250749616157,
        37.55138359392411,
        39.54446355850543,
        37.7971099596769,
        39.820319095386715,
        38.19853164227051,
        39.70771022010514,
        38.10847453272525,
        7.052320196394186
      ],
      [
        85.20597200270018,
        37.418856895527945,
        33.15096194437401,
        32.51448804371354,
        29.396137197509862,
        31.160144748944226,
        29.699426283421737,
        31.46482852098497,
        30.51574190739168,
        31.36290965479043,
        29.529177391739964,
        6.686562037912758
      ],
      [
        91.19527045993131,
        39.67250749616157,
        32.51448804371354,
        34.64645365654606,
        32.07675144516299,
        33.10683999958125,
        31.519180170834954,
        33.36327633247658,
        32.170214726920136,
        33.19848325995121,
        31.441987262416756,
        6.3264979013201526
      ],
      [
        86.61356840819792,
        37.55138359392411,
        29.396137197509862,
        32.07675144516299,
        32.88483422833813,
        32.68085109556491,
        30.23953188046445,
        32.04613469382955,
        30.93791519222813,
        31.682735078441173,
        29.877054363409528,
        5.733814291236169
      ],
      [
        91.25150431131631,
        39.54446355850543,
        31.160144748944226,
        33.10683999958125,
        32.68085109556491,
        34.72561923811796,
        32.717696904934975,
        33.69645505930061,
        32.250452061686,
        33.18689556222805,
        31.580513163275345,
        5.511829059030588
      ],
      [
        87.0690997422087,
        37.7971099596769,
        29.699426283421737,
        31.519180170834954,
        30.23953188046445,
        32.717696904934975,
        32.935442486012924,
        33.14845450710278,
        30.788356231144345,
        31.74934308412581,
        30.250548069417402,
        5.042512210481856
      ],
      [
        91.54221440837678,
        39.820319095386715,
        31.46482852098497,
        33.36327633247658,
        32.04613469382955,
        33.69645505930061,
        33.14845450710278,
        35.27545552906621,
        33.351196582042256,
        33.59692291854449,
        32.19232171376667,
        3.978594722977354
      ],
      [
        87.71256580896652,
        38.19853164227051,
        30.51574190739168,
        32.170214726920136,
        30.93791519222813,
        32.250452061686,
        30.788356231144345,
        33.351196582042256,
        33.45959384270968,
        33.11218812741475,
        31.249568873886297,
        2.1398395546048707
      ],
      [
        92.1457966256185,
        39.70771022010514,
        31.36290965479043,
        33.19848325995121,
        31.682735078441173,
        33.18689556222805,
        31.74934308412581,
        33.59692291854449,
        33.11218812741475,
        34.12622762661955,
        32.04650207816671,
        4.1355315476264884
      ],
      [
        86.86838798455075,
        38.10847453272525,
        29.529177391739964,
        31.441987262416756,
        29.877054363409528,
        31.580513163275345,
        30.250548069417402,
        32.19232171376667,
        31.249568873886297,
        32.04650207816671,
        33.53678089361834,
        0.6962092520236618
      ],
      [
        29.075109679102116,
        7.052320196394186,
        6.686562037912758,
        6.3264979013201526,
        5.733814291236169,
        5.511829059030588,
        5.042512210481856,
        3.978594722977354,
        2.1398395546048707,
        4.1355315476264884,
        0.6962092520236618,
        50.04194498930929
      ]
    ],
    "mean_real_fourier_cross_correlations": [
      [
        0.4655734438202852,
        0.3626254367139755,
        0.38459058168802324,
        0.3636904842194814,
        0.3824847538525871,
        0.3660101507049413,
        0.3842150958866384,
        0.3690442161200033,
        0.3849594069011295,
        0.36560438118416827,
        0.33662157127156306
      ],
      [
        0.3626254367139755,
        0.3209656316926808,
        0.3150248472158545,
        0.2848360053791132,
        0.3013148744378163,
