{
  "(11, 3)": {
    "mean_losses": 3.271474997745827e-05,
    "mean_pearson_correlations": [
      [
        0.9999999999999996,
        0.00893751100041663,
        -0.028235459904157746,
        -0.012051584826394393,
        -0.029497454945189742,
        -0.05228494468185039,
        -0.03314499484293175,
        -0.03930749742880025,
        -0.04235918983414571,
        -0.03762996811766844,
        -0.0286252467707881,
        -0.0510808020839756
      ],
      [
        0.008937511000416634,
        1.0,
        -0.11568619314977809,
        -0.05840264525470785,
        -0.15487158731913428,
        0.04668228512128302,
        -0.002493785866754663,
        -0.030873187168644976,
        -0.0994934148778062,
        -0.10326441699898332,
        -0.06333795524933476,
        -0.0637291528476121
      ],
      [
        -0.028235459904157722,
        -0.11568619314977809,
        0.9999999999999994,
        0.1053911576072998,
        -0.015238885648260495,
        0.11984972229937227,
        0.07387177442940088,
        0.11079360644300815,
        0.026681167483104985,
        0.06497381542102033,
        0.12431483936467749,
        0.1157624826665366
      ],
      [
        -0.012051584826394391,
        -0.058402645254707855,
        0.10539115760729978,
        0.9999999999999999,
        0.008267119228729566,
        0.13848646368314013,
        -0.0007731052847756958,
        0.012247254248533634,
        0.10133808536919318,
        -0.07209339590818688,
        0.06206772078631101,
        0.1345442200450846
      ],
      [
        -0.029497454945189735,
        -0.15487158731913425,
        -0.015238885648260488,
        0.008267119228729558,
        1.0,
        -0.03383433597219804,
        0.07227261589554133,
        0.08965953263257802,
        0.009136565123869145,
        0.094240987695317,
        0.0902537365988463,
        0.18035557160258534
      ],
      [
        -0.05228494468185039,
        0.04668228512128304,
        0.11984972229937224,
        0.1384864636831401,
        -0.03383433597219801,
        1.0,
        0.05614618036463961,
        -0.10264640979116639,
        0.1267765857795331,
        0.1464974759363603,
        0.04172689805798083,
        0.1974159253136469
      ],
      [
        -0.033144994842931756,
        -0.0024937858667546664,
        0.07387177442940085,
        -0.0007731052847756792,
        0.07227261589554128,
        0.05614618036463963,
        1.0,
        0.11169647851994856,
        0.002648622041716181,
        0.07188384590588452,
        0.08421349601451678,
        0.22250648459749542
      ],
      [
        -0.03930749742880026,
        -0.030873187168644976,
        0.11079360644300801,
        0.012247254248533653,
        0.08965953263257806,
        -0.1026464097911664,
        0.11169647851994856,
        1.0,
        0.0026358303263334594,
        0.008641581799288967,
        0.012984549874701776,
        0.17522775466813173
      ],
      [
        -0.04235918983414571,
        -0.09949341487780618,
        0.026681167483104985,
        0.10133808536919318,
        0.00913656512386916,
        0.1267765857795331,
        0.0026486220417162097,
        0.0026358303263334724,
        0.9999999999999999,
        0.051012675636655624,
        -0.02219685219168377,
        0.13252827254361965
      ],
      [
        -0.03762996811766844,
        -0.10326441699898328,
        0.06497381542102032,
        -0.07209339590818688,
        0.09424098769531698,
        0.14649747593636028,
        0.07188384590588451,
        0.008641581799288976,
        0.05101267563665564,
        1.0,
        0.0910428471469218,
        0.3164498179250979
      ],
      [
        -0.028625246770788107,
        -0.06333795524933476,
        0.12431483936467747,
        0.062067720786310975,
        0.0902537365988463,
        0.041726898057980834,
        0.08421349601451678,
        0.012984549874701793,
        -0.02219685219168378,
        0.09104284714692179,
        1.0,
        0.29640570897451574
      ],
      [
        -0.0510808020839756,
        -0.06372915284761207,
        0.11576248266653653,
        0.1345442200450846,
        0.18035557160258534,
        0.1974159253136469,
        0.22250648459749545,
        0.17522775466813167,
        0.1325282725436196,
        0.3164498179250979,
        0.29640570897451574,
        1.0
      ]
    ],
    "mean_real_fourier_pearson_correlations": [
      [
        1.0,
        -0.050380594334197656,
        -0.022338521393064092,
        -0.10080536151782153,
        0.01120605880616766,
        -0.06676615669772766,
        -0.0716805245961198,
        -0.12078990881878662,
        -0.03745301922143367,
        -0.05170103189060965,
        -0.15945568773378954
      ],
      [
        -0.050380594334197656,
        1.0,
        0.11562821583140188,
        -0.04779516719207169,
        0.11110345029380034,
        0.11372631240703783,
        -0.007797096583103403,
        0.022460023443365288,
        -0.04060372369362885,
        0.0613761554924704,
        0.1337687479164923
      ],
      [
        -0.02233852139306406,
        0.1156282158314019,
        1.0,
        0.06721442425217418,
        0.07329216268427663,
        0.11267500456635043,
        0.11769862083138831,
        0.11043634354954875,
        -0.06415078817161986,
        0.07273468541013521,
        0.23077336748709285
      ],
      [
        -0.10080536151782159,
        -0.047795167192071705,
        0.06721442425217418,
        1.0,
        0.10362229389262023,
        0.06750409908814739,
        0.08424652510492123,
        0.03973596745488454,
        0.08105607302240307,
        0.09802790184241131,
        0.19935632376266887
      ],
      [
        0.011206058806167641,
        0.11110345029380035,
        0.07329216268427663,
        0.10362229389262025,
        1.0,
        0.0013105493940576852,
        -0.05658263404117136,
        0.07493265173836727,
        0.1434325448410019,
        0.07118095005748247,
        0.2862308473285163
      ],
      [
        -0.06676615669772763,
        0.11372631240703783,
        0.11267500456635045,
        0.06750409908814739,
        0.0013105493940576806,
        1.0,
        0.11313735755345578,
        0.2083963045161955,
        0.05631529039788449,
        0.08728070458844933,
        0.21581583039972113
      ],
      [
        -0.0716805245961198,
        -0.00779709658310341,
        0.11769862083138836,
        0.08424652510492121,
        -0.056582634041171344,
        0.11313735755345576,
        1.0,
        0.1142077330075556,
        0.14902259807610055,
        -0.09046011684154796,
        0.23935190839717713
      ],
      [
        -0.12078990881878657,
        0.022460023443365267,
        0.11043634354954872,
        0.039735967454884565,
        0.07493265173836727,
        0.20839630451619548,
        0.11420773300755561,
        1.0,
        0.01802977765611367,
        -0.039361609562275295,
        0.21496453365225643
      ],
      [
        -0.037453019221433695,
        -0.04060372369362887,
        -0.06415078817161984,
        0.08105607302240311,
        0.14343254484100185,
        0.05631529039788449,
        0.14902259807610052,
        0.018029777656113702,
        1.0,
        0.06442066171442358,
        0.24486606673703865
      ],
      [
        -0.05170103189060967,
        0.06137615549247041,
        0.07273468541013521,
        0.09802790184241127,
        0.0711809500574825,
        0.08728070458844935,
        -0.09046011684154795,
        -0.0393616095622753,
        0.06442066171442358,
        1.0,
        0.18547534129958648
      ],
      [
        -0.15945568773378954,
        0.13376874791649232,
        0.23077336748709285,
        0.19935632376266885,
        0.2862308473285163,
        0.21581583039972113,
        0.23935190839717704,
        0.2149645336522564,
        0.24486606673703867,
        0.18547534129958648,
        1.0
      ]
    ],
    "mean_imag_fourier_pearson_correlations": [
      [
        1.0,
        -0.12403791217044917,
        -0.029913995499816978,
        -0.09735538522998438,
        -0.031155944822262135,
        0.1429923226035933,
        -0.08951231183171394,
        -0.07172441200583593,
        -0.07752273911169913,
        0.014963453146409672,
        0.07206940152761761
      ],
      [
        -0.12403791217044917,
        1.0,
        -0.014317938182798149,
        -0.18528653130292677,
        0.025678079621199265,
        -0.10799499724586305,
        0.16071769596093793,
        0.07209903686526971,
        0.0463651900265523,
        0.03757646389018068,
        0.033682469325307565
      ],
      [
        -0.029913995499816978,
        -0.014317938182798149,
        1.0,
        -0.0058853059897710615,
        0.12841081260156306,
        -0.05403012035493153,
        -0.08541277492695064,
        0.08626059246541683,
        -0.11768447543482015,
        -0.057990504607564664,
        0.15257054344723503
      ],
      [
        -0.09735538522998438,
        -0.18528653130292677,
        -0.0058853059897710615,
        1.0,
        -0.23930075755347285,
        -0.03902828906308983,
        0.07779730685509625,
        0.058671294196523255,
        0.13829669689929303,
        0.017611990781902488,
        0.06537216324840274
      ],
      [
        -0.03115594482226217,
        0.025678079621199265,
        0.12841081260156306,
        -0.23930075755347285,
        1.0,
        -0.02096706689719066,
        -0.10598416234760677,
        -0.024961343219199704,
        0.13622981580841886,
        -0.06814564539076913,
        0.05890738968335234
      ],
      [
        0.1429923226035933,
        -0.10799499724586305,
        -0.05403012035493153,
        -0.03902828906308983,
        -0.020967066897190665,
        1.0,
        0.025493511717594078,
        -0.09564744118236139,
        -0.13362185267410306,
        0.04432063197930519,
        0.14323097622100103
      ],
      [
        -0.08951231183171394,
        0.16071769596093793,
        -0.08541277492695064,
        0.07779730685509625,
        -0.10598416234760681,
        0.025493511717594067,
        1.0,
        0.05572064919214135,
        -0.11808463452437802,
        0.048889605224819534,
        0.030306279793301978
      ],
      [
        -0.07172441200583593,
        0.07209903686526972,
        0.08626059246541683,
        0.05867129419652326,
        -0.024961343219199704,
        -0.09564744118236139,
        0.05572064919214135,
        1.0,
        -0.02946353835313988,
        -0.037188392623755694,
        -0.05763872014936688
      ],
      [
        -0.07752273911169913,
        0.0463651900265523,
        -0.11768447543482015,
        0.13829669689929303,
        0.13622981580841886,
        -0.13362185267410306,
        -0.11808463452437802,
        -0.02946353835313988,
        1.0,
        0.02168816727815134,
        0.06599784990935503
      ],
      [
        0.014963453146409672,
        0.03757646389018068,
        -0.057990504607564664,
        0.017611990781902495,
        -0.06814564539076913,
        0.04432063197930519,
        0.048889605224819534,
        -0.037188392623755694,
        0.02168816727815133,
        1.0,
        0.17211956061094283
      ],
      [
        0.07206940152761761,
        0.033682469325307565,
        0.152570543447235,
        0.06537216324840275,
        0.05890738968335238,
        0.14323097622100106,
        0.030306279793301975,
        -0.05763872014936688,
        0.06599784990935506,
        0.17211956061094283,
        1.0
      ]
    ],
    "mean_distance_correlations": [
      [
        1.0,
        0.361049856119714,
        0.3386108647732523,
        0.345937111051113,
        0.3366599517361263,
        0.3410477382303155,
        0.33762761972269106,
        0.335918548673901,
        0.33366742562301627,
        0.32541979797805304,
        0.32620947219978796,
        0.3186619376016501
      ],
      [
        0.361049856119714,
        1.0,
        0.6177446710251343,
        0.6834913336169748,
        0.646951821766036,
        0.6125505196233224,
        0.632688708362931,
        0.6226668019778235,
        0.6131339943281379,
        0.5780545053171473,
        0.6196678845302218,
        0.6098250752658525
      ],
      [
        0.3386108647732523,
        0.6177446710251343,
        1.0,
        0.5998172804712769,
        0.6242175218431193,
        0.5776485380735188,
        0.6145041413511754,
        0.5893545050943247,
        0.5646001591525838,
        0.5661592978051712,
        0.5947293564160152,
        0.5591023513718764
      ],
      [
        0.345937111051113,
        0.6834913336169748,
        0.5998172804712769,
        1.0,
        0.633094486339647,
        0.6221344097349614,
        0.5929088956149264,
        0.6251649598198831,
        0.5785319362294967,
        0.5689227614961534,
        0.5875222807003985,
        0.5985664828883145
      ],
      [
        0.3366599517361263,
        0.646951821766036,
        0.6242175218431193,
        0.633094486339647,
        1.0,
        0.581244126082874,
        0.6060827105078705,
        0.5634471461003734,
        0.5860808413433314,
        0.5680382139175896,
        0.5575914694629325,
        0.5592459002000845
      ],
      [
        0.3410477382303155,
        0.6125505196233224,
        0.5776485380735188,
        0.6221344097349614,
        0.581244126082874,
        1.0,
        0.5784574291404296,
        0.6114755894971375,
        0.5879680332344749,
        0.5946842470604675,
        0.5949305214734237,
        0.5916937696592
      ],
      [
        0.33762761972269106,
        0.632688708362931,
        0.6145041413511754,
        0.5929088956149264,
        0.6060827105078705,
        0.5784574291404296,
        1.0,
        0.5694420730557708,
        0.6007389720232075,
        0.5652698393110794,
        0.5718468977392732,
        0.5616300061365852
      ],
      [
        0.335918548673901,
        0.6226668019778235,
        0.5893545050943247,
        0.6251649598198831,
        0.5634471461003734,
        0.6114755894971375,
        0.5694420730557708,
        1.0,
        0.5530551486071382,
        0.6175639637768312,
        0.5813423799733541,
        0.5908345879001873
      ],
      [
        0.33366742562301627,
        0.6131339943281379,
        0.5646001591525838,
        0.5785319362294967,
        0.5860808413433314,
        0.5879680332344749,
        0.6007389720232075,
        0.5530551486071382,
        1.0,
        0.5542290189868007,
        0.6253980322427171,
        0.581786949582157
      ],
      [
        0.32541979797805304,
        0.5780545053171473,
        0.5661592978051712,
        0.5689227614961534,
        0.5680382139175896,
        0.5946842470604675,
        0.5652698393110794,
        0.6175639637768312,
        0.5542290189868007,
        1.0,
        0.5660672399720736,
        0.607392606353811
      ],
      [
        0.32620947219978796,
        0.6196678845302218,
        0.5947293564160152,
        0.5875222807003985,
        0.5575914694629325,
        0.5949305214734237,
        0.5718468977392732,
        0.5813423799733541,
        0.6253980322427171,
        0.5660672399720736,
        1.0,
        0.7054412009684432
      ],
      [
        0.3186619376016501,
        0.6098250752658525,
        0.5591023513718764,
        0.5985664828883145,
        0.5592459002000845,
        0.5916937696592,
        0.5616300061365852,
        0.5908345879001873,
        0.581786949582157,
        0.607392606353811,
        0.7054412009684432,
        1.0
      ]
    ],
    "mean_real_fourier_distance_correlations": [
      [
        1.0,
        0.7006279857389976,
        0.7723586059444759,
        0.6740497541801111,
        0.6726292476824078,
        0.6503088435929045,
        0.651654672315057,
        0.6537331931975574,
        0.6418319466853504,
        0.5952811320044502,
        0.6485314488964887
      ],
      [
        0.7006279857389976,
        1.0,
        0.8484368943499798,
        0.8313173658635321,
        0.7968099004999227,
        0.7953363401574909,
        0.7927675034734685,
        0.7794598139672776,
        0.7959768454167236,
        0.7139595395580625,
        0.741415134451113
      ],
      [
        0.7723586059444759,
        0.8484368943499798,
        1.0,
        0.8731766079072358,
        0.8393952523602743,
        0.8401223606557775,
        0.8440649332896417,
        0.8216127058921766,
        0.8140243932725045,
        0.7915755127496407,
        0.7892445507853714
      ],
      [
        0.6740497541801111,
        0.8313173658635321,
        0.8731766079072358,
        1.0,
        0.8462541173460445,
        0.8661610333603429,
        0.8483196105136922,
        0.8373520411896904,
        0.8197042207447545,
        0.803366605810918,
        0.8105775227153523
      ],
      [
        0.6726292476824078,
        0.7968099004999227,
        0.8393952523602743,
        0.8462541173460445,
        1.0,
        0.8424434960397023,
        0.8611296005925665,
        0.8421999969535104,
        0.8518755074064893,
        0.8262773641068218,
        0.8305214269065188
      ],
      [
        0.6503088435929045,
        0.7953363401574909,
        0.8401223606557775,
        0.8661610333603429,
        0.8424434960397023,
        1.0,
        0.8447748179788991,
        0.8449292392549022,
        0.8377478315351737,
        0.8153197761334648,
        0.8069316015887996
      ],
      [
        0.651654672315057,
        0.7927675034734685,
        0.8440649332896417,
        0.8483196105136922,
        0.8611296005925665,
        0.8447748179788991,
        1.0,
        0.8447826089740409,
        0.8578599633035634,
        0.828849316138121,
        0.8370056179186163
      ],
      [
        0.6537331931975574,
        0.7794598139672776,
        0.8216127058921766,
        0.8373520411896904,
        0.8421999969535104,
        0.8449292392549022,
        0.8447826089740409,
        1.0,
        0.8477524485164541,
        0.8326500802047753,
        0.8398262590265319
      ],
      [
        0.6418319466853504,
        0.7959768454167236,
        0.8140243932725045,
        0.8197042207447545,
        0.8518755074064893,
        0.8377478315351737,
        0.8578599633035634,
        0.8477524485164541,
        1.0,
        0.8202285639764262,
        0.8351920676737378
      ],
      [
        0.5952811320044502,
        0.7139595395580625,
        0.7915755127496407,
        0.803366605810918,
        0.8262773641068218,
        0.8153197761334648,
        0.828849316138121,
        0.8326500802047753,
        0.8202285639764262,
        1.0,
        0.8049796713351307
      ],
      [
        0.6485314488964887,
        0.741415134451113,
        0.7892445507853714,
        0.8105775227153521,
        0.8305214269065188,
        0.8069316015887995,
        0.8370056179186163,
        0.8398262590265317,
        0.8351920676737378,
        0.8049796713351308,
        1.0
      ]
    ],
    "mean_imag_fourier_distance_correlations": [
      [
        1.0,
        0.7376202555494459,
        0.7557837819284876,
        0.7093566798352344,
        0.6674349803051431,
        0.6831504325443626,
        0.6469528339839731,
        0.6153114671817885,
        0.6168294347631013,
        0.6008938927875174,
        0.579962462423362
      ],
      [
        0.7376202555494459,
        1.0,
        0.8303851711849881,
        0.8345839472757481,
        0.7739530441485997,
        0.7837199605427513,
        0.7584989222922577,
        0.7432348159378812,
        0.7280020980399438,
        0.7232159097428861,
        0.6984722442423297
      ],
      [
        0.7557837819284876,
        0.8303851711849881,
        1.0,
        0.8550840374867786,
        0.823373182267233,
        0.8178637819487637,
        0.8080861518231534,
        0.7747695766391328,
        0.7751612391668067,
        0.789905489001884,
        0.7483781170853352
      ],
      [
        0.7093566798352344,
        0.8345839472757481,
        0.8550840374867786,
        1.0,
        0.8742071316876161,
        0.8560037078480939,
        0.8211498785491033,
        0.8201610194811991,
        0.804096187585886,
        0.8098444945936256,
        0.7895959404005453
      ],
      [
        0.6674349803051431,
        0.7739530441485997,
        0.823373182267233,
        0.8742071316876161,
        1.0,
        0.8596754744959486,
        0.8444917254599509,
        0.8219667836337068,
        0.8271640487424463,
        0.821649105908191,
        0.8028175354202779
      ],
      [
        0.6831504325443626,
        0.7837199605427513,
        0.8178637819487637,
        0.8560037078480939,
        0.8596754744959486,
        1.0,
        0.8586631680123473,
        0.84378149891611,
        0.8281836816998812,
        0.8146305602531112,
        0.8227131877283941
      ],
      [
        0.6469528339839731,
        0.7584989222922577,
        0.8080861518231534,
        0.8211498785491033,
        0.8444917254599509,
        0.8586631680123473,
        1.0,
        0.8268176150505354,
        0.848034290816571,
        0.8297778776814743,
        0.8276720022846307
      ],
      [
        0.6153114671817885,
        0.7432348159378812,
        0.7747695766391328,
        0.8201610194811991,
        0.8219667836337068,
        0.84378149891611,
        0.8268176150505354,
        1.0,
        0.7967252176043389,
        0.8319562599998488,
        0.7991474575024132
      ],
      [
        0.6168294347631013,
        0.7280020980399438,
        0.7751612391668067,
        0.804096187585886,
        0.8271640487424463,
        0.8281836816998812,
        0.848034290816571,
        0.7967252176043389,
        1.0,
        0.8006758436180822,
        0.8211970958350555
      ],
      [
        0.6008938927875174,
        0.7232159097428861,
        0.789905489001884,
        0.8098444945936256,
        0.821649105908191,
        0.8146305602531112,
        0.8297778776814743,
        0.8319562599998488,
        0.8006758436180822,
        1.0,
        0.7925077738633685
      ],
      [
        0.579962462423362,
        0.6984722442423297,
        0.7483781170853352,
        0.7895959404005453,
        0.8028175354202779,
        0.8227131877283941,
        0.8276720022846308,
        0.7991474575024131,
        0.8211970958350555,
        0.7925077738633683,
        1.0
      ]
    ],
    "mean_mutual_info": [
      [
        3.677377517639621,
        0.8897294368957549,
        0.850621071328257,
        0.9202781291038733,
        0.7745471806076061,
        0.8630950406475796,
        0.8455364818950812,
        0.8324637151475901,
        0.8038797989444322,
        0.7433285397120635,
        0.71108259100403,
        0.6812078707377467
      ],
      [
        0.8897294368957549,
        3.677377517639621,
        1.851161448224678,
        1.9016885432885617,
        1.8003320842352482,
        1.750467601144444,
        1.804275138903674,
        1.7277942095143237,
        1.721882726839282,
        1.6363456667993626,
        1.6188447599020372,
        1.5808129119163155
      ],
      [
        0.850621071328257,
        1.851161448224678,
        3.677377517639621,
        1.6864279180433466,
        1.6860151192706723,
        1.5669541227772965,
        1.6584025586236084,
        1.5959267201551015,
        1.567287049887348,
        1.5105500714871039,
        1.5460174900757364,
        1.4310822886062724
      ],
      [
        0.9202781291038733,
        1.9016885432885617,
        1.6864279180433466,
        3.677377517639621,
        1.6604040119547374,
        1.6280914745064368,
        1.6594213438445982,
        1.6208630690926902,
        1.577668573850263,
        1.512563760948483,
        1.5293683719517448,
        1.4961944626102508
      ],
      [
        0.7745471806076061,
        1.8003320842352482,
        1.6860151192706723,
        1.6604040119547374,
        3.677377517639621,
        1.6281133410869695,
        1.6154389757305558,
        1.5132216549069353,
        1.555156689152946,
        1.4973536033899029,
        1.4764325644439527,
        1.407158299553885
      ],
      [
        0.8630950406475796,
        1.7504676011444442,
        1.5669541227772965,
        1.6280914745064368,
        1.6281133410869695,
        3.677377517639621,
        1.6005062044592606,
        1.5640781430259627,
        1.5509982052200124,
        1.4898169417538167,
        1.4967647298259157,
        1.4220416778685863
      ],
      [
        0.8455364818950812,
        1.804275138903674,
        1.658402558623608,
        1.6594213438445982,
        1.6154389757305558,
        1.6005062044592606,
        3.677377517639621,
        1.585430032114263,
        1.5621145928093363,
        1.4820930211304597,
        1.4655087107555127,
        1.4055117241165482
      ],
      [
        0.8324637151475901,
        1.7277942095143237,
        1.5959267201551017,
        1.6208630690926897,
        1.5132216549069355,
        1.5640781430259625,
        1.5854300321142631,
        3.677377517639621,
        1.4792957200135957,
        1.5203086043990373,
        1.4470123945263997,
        1.4231835393202414
      ],
      [
        0.8038797989444322,
        1.721882726839282,
        1.567287049887348,
        1.577668573850263,
        1.555156689152946,
        1.5509982052200126,
        1.5621145928093363,
        1.4792957200135957,
        3.677377517639621,
        1.4998835189256028,
        1.4918610479276948,
        1.4137362647689111
      ],
      [
        0.7433285397120636,
        1.6363456667993628,
        1.510550071487104,
        1.512563760948483,
        1.4973536033899029,
        1.489816941753817,
        1.4820930211304593,
        1.5203086043990377,
        1.4998835189256028,
        3.677377517639621,
        1.4415274704536583,
        1.3851675421607634
      ],
      [
        0.71108259100403,
        1.6188447599020372,
        1.5460174900757366,
        1.5293683719517448,
        1.4764325644439527,
        1.4967647298259161,
        1.4655087107555127,
        1.4470123945263997,
        1.491861047927695,
        1.4415274704536583,
        3.677377517639621,
        1.6156840670486423
      ],
      [
        0.6812078707377467,
        1.5808129119163155,
        1.4310822886062724,
        1.4961944626102508,
        1.407158299553885,
        1.4220416778685858,
        1.4055117241165478,
        1.4231835393202414,
        1.4137362647689113,
        1.3851675421607634,
        1.6156840670486423,
        3.677377517639621
      ]
    ],
    "mean_real_fourier_mutual_info": [
      [
        0.1512852726499347,
        0.08927035785483405,
        0.10343703033088283,
        0.10875027068857263,
        0.05479336634257047,
        0.084521607727048,
        0.06306959284347634,
        0.06091745947550922,
        0.049236454046715075,
        0.051511278195488786,
        0.038604845446950774
      ],
      [
        0.08100132572965418,
        0.5247655682851399,
        0.18906771986592905,
        0.20126795225921754,
        0.1611486130664594,
        0.1930996084402765,
        0.17313998518067536,
        0.1667304488801615,
        0.20844568867092106,
        0.16891999662499446,
        0.15752568120038288
      ],
      [
        0.08446355453807934,
        0.20299343823326627,
        0.7379252625435736,
        0.285649375433321,
        0.2622555004621572,
        0.2453888935241217,
        0.2792866206679788,
        0.24346369921624278,
        0.2481751208478324,
        0.2608305683251508,
        0.23530473205108357
      ],
      [
        0.07637006223582982,
        0.17196088813393143,
        0.2873908067377775,
        0.9617725052479592,
        0.2849955326464618,
        0.3595376206917563,
        0.31817838551197714,
        0.3124070101438524,
        0.31222835865217546,
        0.25685546632262685,
        0.2807427743395237
      ],
      [
        0.06699444759296622,
        0.16761867675545283,
        0.24536880930346253,
        0.28718204567231576,
        1.1829982292593977,
        0.38485859227345337,
        0.43678390115298604,
        0.3791976478973386,
        0.41850809468268585,
        0.38503581612991183,
        0.34586209969613363
      ],
      [
        0.06084012965591933,
        0.1742730378537546,
        0.22897787587206017,
        0.34828190022175015,
        0.38673803293860837,
        1.3838851597891852,
        0.40316640668454057,
        0.43110093041019665,
        0.4054212813535018,
        0.4216344309285489,
        0.39756631573416223
      ],
      [
        0.059545233825751484,
        0.1800055096958018,
        0.2733946501063931,
        0.33258626599128616,
        0.4199154204273624,
        0.4154407831017742,
        1.5736353487536598,
        0.5150230001050438,
        0.517167699051158,
        0.46052074196545695,
        0.4404518279482899
      ],
      [
        0.054349372391168285,
        0.17093351326953726,
        0.2304300001520261,
        0.31382730643069,
        0.37015815432213073,
        0.42721884424239603,
        0.5197214128034564,
        1.7647714031754285,
        0.5805270001633339,
        0.5220347318128171,
        0.49693318136971426
      ],
      [
        0.05263554701723666,
        0.20910894340560435,
        0.2449869228024915,
        0.3178358966168563,
        0.41828133731307127,
        0.4078022337344543,
        0.5151994450829039,
        0.580527000163334,
        1.830279339683365,
        0.5523988949115003,
        0.5336431859293428
      ],
      [
        0.05019381787802851,
        0.165496726229035,
        0.26420547384291343,
        0.2577443552115158,
        0.3923132159787402,
        0.42093601823013616,
        0.4568064562511713,
        0.5239394937175789,
        0.5523988949115003,
        1.8359936253976508,
        0.544147102099336
      ],
      [
        0.03765246449456988,
        0.1544327355528154,
        0.23064786137740614,
        0.28134890365993875,
        0.34361248335673394,
        0.39597901414686054,
        0.4412160002838909,
        0.49280619724273017,
        0.5336431859293428,
        0.544147102099336,
        1.8371047365087616
      ]
    ],
    "mean_complex_fourier_mutual_info": [
      [
        0.08933427336910342,
        0.09568613073168607,
        0.09048427259097341,
        0.07841991370629169,
        0.05654422109497318,
        0.06691587657432449,
        0.06451836249978682,
        0.043597570963117366,
        0.04903667424930156,
        0.03089354104214794,
        0.03466278441201045
      ],
      [
        0.08492150646706173,
        0.2219877214902651,
        0.11661957254173111,
        0.13888518193438604,
        0.10503873739002008,
        0.12009138805401534,
        0.1158149865966098,
        0.09565358785316772,
        0.10640378406709682,
        0.08293982093307627,
        0.08563880361779524
      ],
      [
        0.07406227396696241,
        0.14185745206355585,
        0.583614119982431,
        0.17810948027843246,
        0.16960611251411817,
        0.16985764249674054,
        0.18035373482399172,
        0.14861597842834048,
        0.13364250492656096,
        0.154789313868925,
        0.1279790824848324
      ],
      [
        0.08960481295941293,
        0.11948395595100614,
        0.19000076433877885,
        0.8567175601930141,
        0.27939928954856014,
        0.249404808032075,
        0.20974307377635587,
        0.21183438449603892,
        0.2052730373096363,
        0.18709400232918622,
        0.18190902448576068
      ],
      [
        0.06320638891470408,
        0.12228678855503285,
        0.1561639616137629,
        0.2890805923727201,
        1.1622622641662894,
        0.33281733458933843,
        0.3092548098452569,
        0.2784967971239535,
        0.2704192790108315,
        0.27402647040904454,
        0.24234195228003286
      ],
      [
        0.07222313119825305,
        0.10611789395756677,
        0.1816108915001001,
        0.2457824247762331,
        0.33512345703831803,
        1.3824361801973484,
        0.37687113311770576,
        0.35358572142716355,
        0.36948581679430886,
        0.2973182258876644,
        0.28854996162780355
      ],
      [
        0.06787569113442643,
        0.1302638245622545,
        0.1707175646973306,
        0.19879739752605766,
        0.2876297565237197,
        0.3692826977435562,
        1.593392718368172,
        0.43432659711739796,
        0.4644150573573398,
        0.3973694993066955,
        0.4059782953953677
      ],
      [
        0.055168664468200256,
        0.08059448557977973,
        0.14598443494275018,
        0.23634750477707162,
        0.28213696158543594,
        0.3603015188572467,
        0.44331072410152494,
        1.841231720635746,
        0.4539042052759439,
        0.45677695264095114,
        0.38666272522995243
      ],
      [
        0.046368399594737666,
        0.10168365972733512,
        0.12729343468463353,
        0.21238949228323417,
        0.2747586592073546,
        0.3797987419643769,
        0.4694331979469089,
        0.44898357035530884,
        2.023771403175428,
        0.5050323394642284,
        0.44188802823300855
      ],
      [
        0.03154349927105355,
        0.08727857538958839,
        0.15145604625934161,
        0.18883520180247323,
        0.27712292122917964,
        0.29656690313634165,
        0.39685290479010105,
        0.45752298438698297,
        0.5046355140674028,
        2.0977396571436833,
        0.4751442606077726
      ],
      [
        0.033170999393909696,
        0.08108900043884568,
        0.12787972111921722,
        0.1874122989890352,
        0.2430154903821424,
        0.28906927036139796,
        0.40667330673323626,
        0.38772621729344453,
        0.44114199648697683,
        0.4751442606077727,
        2.097739657143683
      ]
    ],
    "mean_cross_correlations": [
      [
        3440.39404296875,
        11.639794451617115,
        12.053543930529496,
        11.724873967693053,
        12.203700374204653,
        13.901296536877664,
        11.456848331015145,
        11.581267293465267,
        14.085592081986828,
        11.864433965624219,
        10.227704382638716,
        26.200149351504464
      ],
      [
        11.639794451617114,
        29.125849702531934,
        0.6587642027133035,
        0.33368985269610346,
        0.4114519774425387,
        1.2689005346349287,
        1.1273812804820624,
        0.40342735336053187,
        0.39764150027757916,
        0.41420678275601164,
        0.5362188931943507,
        0.2811433932843214
      ],
      [
        12.053543930529496,
        0.6587642027133035,
        21.450192402868662,
        1.7863102423263042,
        0.8234873114169717,
        1.5879403928606126,
        1.2584810834623714,
        1.1512203420330778,
        0.1580607080448025,
        0.16786384891712225,
        0.6008396928275194,
        0.8228964408368991
      ],
      [
        11.724873967693053,
        0.3336898526961036,
        1.7863102423263042,
        17.91295628061822,
        1.2622505247637645,
        2.1186530961148713,
        1.2789865974172197,
        1.1004770820020788,
        1.4003507354454923,
        0.35118746822379465,
        0.588768057934125,
        2.0707093726849255
      ],
      [
        12.203700374204653,
        0.4114519774425387,
        0.8234873114169717,
        1.2622505247637645,
        15.710632618355444,
        1.411511597729688,
        0.8996531322387249,
        0.978852516864981,
        0.23601850222025975,
        1.2523342029562041,
        1.013252007111333,
        2.364968768843061
      ],
      [
        13.901296536877664,
        1.2689005346349287,
        1.5879403928606126,
        2.1186530961148713,
        1.411511597729688,
        13.147201039961203,
        0.33505056445475345,
        0.26326786245418676,
        0.6084389367797082,
        1.5013833961430487,
        0.27707048597840706,
        1.9030244269073646
      ],
      [
        11.456848331015145,
        1.1273812804820624,
        1.2584810834623714,
        1.2789865974172197,
        0.8996531322387249,
        0.33505056445475345,
        10.344684352997911,
        0.8105381004499577,
        0.8216517172132822,
        0.55198452947016,
        0.8288667200296581,
        1.4209479706803918
      ],
      [
        11.581267293465267,
        0.4034273533605318,
        1.1512203420330778,
        1.1004770820020788,
        0.978852516864981,
        0.26326786245418676,
        0.8105381004499577,
        9.197566989678442,
        0.5569544528624707,
        0.7762896148012755,
        0.1108799936170934,
        1.2551928142765048
      ],
      [
        14.085592081986828,
        0.39764150027757916,
        0.1580607080448025,
        1.4003507354454923,
        0.23601850222025975,
        0.6084389367797082,
        0.8216517172132822,
        0.5569544528624707,
        7.935126439559117,
        0.3725256845144307,
        0.036133677598912596,
        0.7990312510817964
      ],
      [
        11.864433965624219,
        0.41420678275601175,
        0.16786384891712225,
        0.35118746822379465,
        1.2523342029562041,
        1.5013833961430487,
        0.55198452947016,
        0.7762896148012755,
        0.3725256845144307,
        6.501641017463729,
        0.43405743674649,
        1.6117998214350493
      ],
      [
        10.227704382638716,
        0.5362188931943507,
        0.6008396928275194,
        0.588768057934125,
        1.013252007111333,
        0.27707048597840706,
        0.8288667200296581,
        0.1108799936170934,
        0.036133677598912596,
        0.43405743674649,
        4.7643492849985165,
        1.0417521164603876
      ],
      [
        26.200149351504464,
        0.28114339328432136,
        0.8228964408368991,
        2.0707093726849255,
        2.364968768843061,
        1.9030244269073646,
        1.4209479706803918,
        1.2551928142765048,
        0.7990312510817964,
        1.6117998214350493,
        1.0417521164603876,
        4.18595540508781
      ]
    ],
