{
  "(11, 3)": {
    "mean_losses": 0.2621723413467407,
    "mean_pearson_correlations": [
      [
        0.9999999999999996,
        -0.10389652393061713,
        -0.10611727773616733,
        -0.10396319546051885,
        -0.10527355829996467,
        -0.10520790634551994,
        -0.10614724890953146,
        -0.10560709038257049,
        -0.10642723491528289,
        -0.0961618025608046,
        -0.10821682683475314,
        -0.1531450572495152
      ],
      [
        -0.10389652393061714,
        1.0,
        0.9934572510688117,
        0.9913867406939855,
        0.994759646112183,
        0.9918873841435928,
        0.9952271669537847,
        0.9940972706249935,
        0.99555861741722,
        0.9888622213888845,
        0.9956545336594982,
        0.8121438186644724
      ],
      [
        -0.10611727773616736,
        0.9934572510688114,
        1.0,
        0.992353090540549,
        0.9957907940855556,
        0.9937666516488382,
        0.9972479637446244,
        0.9954960032897724,
        0.9971922104867015,
        0.9899631280385554,
        0.9970563291615282,
        0.8203007631081027
      ],
      [
        -0.10396319546051885,
        0.9913867406939855,
        0.992353090540549,
        1.0,
        0.9949005522365111,
        0.9897711525218722,
        0.9953530667631871,
        0.9940768969587286,
        0.9954125455427848,
        0.9916411522337111,
        0.9951597481865193,
        0.8208300538263567
      ],
      [
        -0.10527355829996468,
        0.9947596461121829,
        0.9957907940855556,
        0.994900552236511,
        1.0,
        0.995456028340423,
        0.9987418010591885,
        0.997571582348218,
        0.9989230313023792,
        0.9924757212999098,
        0.9987700355263791,
        0.822148006692624
      ],
      [
        -0.10520790634551995,
        0.9918873841435928,
        0.993766651648838,
        0.9897711525218722,
        0.995456028340423,
        1.0,
        0.9961357459435731,
        0.9942802395384639,
        0.9961434526759512,
        0.9905768044339766,
        0.9960416268776355,
        0.8219769075502873
      ],
      [
        -0.10614724890953145,
        0.9952271669537847,
        0.9972479637446244,
        0.9953530667631871,
        0.9987418010591886,
        0.9961357459435733,
        1.0,
        0.9981099158511733,
        0.9996209436378588,
        0.9926714024287978,
        0.9995178150391881,
        0.8240197418896593
      ],
      [
        -0.10560709038257049,
        0.9940972706249934,
        0.9954960032897724,
        0.9940768969587286,
        0.9975715823482179,
        0.994280239538464,
        0.9981099158511733,
        1.0,
        0.998386965788238,
        0.9922406536008106,
        0.9981743882844372,
        0.8229141523453524
      ],
      [
        -0.10642723491528289,
        0.99555861741722,
        0.9971922104867015,
        0.9954125455427848,
        0.9989230313023792,
        0.9961434526759512,
        0.9996209436378588,
        0.998386965788238,
        1.0,
        0.9926985750993221,
        0.99963583618015,
        0.8252480095749561
      ],
      [
        -0.0961618025608046,
        0.9888622213888845,
        0.9899631280385554,
        0.9916411522337111,
        0.9924757212999098,
        0.9905768044339766,
        0.9926714024287978,
        0.9922406536008106,
        0.9926985750993221,
        1.0,
        0.9923690077362498,
        0.8195218024196694
      ],
      [
        -0.10821682683475314,
        0.9956545336594982,
        0.9970563291615282,
        0.9951597481865194,
        0.9987700355263791,
        0.9960416268776355,
        0.9995178150391881,
        0.9981743882844372,
        0.9996358361801498,
        0.9923690077362498,
        1.0,
        0.8331237783947507
      ],
      [
        -0.1531450572495152,
        0.8121438186644724,
        0.820300763108103,
        0.8208300538263567,
        0.8221480066926241,
        0.8219769075502873,
        0.8240197418896593,
        0.8229141523453524,
        0.8252480095749561,
        0.8195218024196695,
        0.8331237783947507,
        0.9999999999999993
      ]
    ],
    "mean_real_fourier_pearson_correlations": [
      [
        1.0,
        0.9351914330454316,
        0.9679996900729758,
        0.9539575145482136,
        0.9665803793648153,
        0.9538333861935143,
        0.9631535593032104,
        0.9540838892896862,
        0.9841487754494425,
        0.9599766753828878,
        0.9717942811006911
      ],
      [
        0.9351914330454317,
        1.0,
        0.9793774767708203,
        0.959278979595684,
        0.965113772321705,
        0.9580392112452565,
        0.9688530283618002,
        0.9708075217632335,
        0.9571835842389621,
        0.9723801051189744,
        0.8737174172720701
      ],
      [
        0.9679996900729758,
        0.9793774767708204,
        1.0,
        0.9828730742940506,
        0.979268993134348,
        0.9693407812430189,
        0.9801291291100711,
        0.9790028500237804,
        0.9817253178082139,
        0.9816844819060306,
        0.9105876543167375
      ],
      [
        0.9539575145482136,
        0.959278979595684,
        0.9828730742940505,
        1.0,
        0.9841989866396083,
        0.9631512803198393,
        0.9742715701224696,
        0.976983776618273,
        0.9715193540568176,
        0.9775887598539872,
        0.89221810489366
      ],
      [
        0.9665803793648152,
        0.965113772321705,
        0.979268993134348,
        0.984198986639608,
        0.9999999999999999,
        0.9844421469591191,
        0.9874573208651439,
        0.9832223093133737,
        0.9814819732862605,
        0.9846671742987937,
        0.9071616417710792
      ],
      [
        0.9538333861935144,
        0.9580392112452565,
        0.9693407812430188,
        0.9631512803198393,
        0.9844421469591189,
        1.0,
        0.9949058488189112,
        0.987051803617112,
        0.9767651867421153,
        0.9878759712751498,
        0.8873046521950405
      ],
      [
        0.9631535593032104,
        0.9688530283618002,
        0.9801291291100711,
        0.9742715701224697,
        0.9874573208651439,
        0.9949058488189114,
        1.0,
        0.9945570404482157,
        0.9849631780081565,
        0.9949483928110595,
        0.8977328228492877
      ],
      [
        0.9540838892896863,
        0.9708075217632333,
        0.9790028500237804,
        0.976983776618273,
        0.9832223093133737,
        0.987051803617112,
        0.9945570404482157,
        1.0,
        0.9820371553997508,
        0.9987550378988904,
        0.8832780467626549
      ],
      [
        0.9841487754494425,
        0.9571835842389621,
        0.9817253178082139,
        0.9715193540568177,
        0.9814819732862605,
        0.9767651867421157,
        0.9849631780081564,
        0.9820371553997508,
        1.0,
        0.9844006039867779,
        0.9224692932180588
      ],
      [
        0.9599766753828877,
        0.9723801051189743,
        0.9816844819060306,
        0.9775887598539872,
        0.9846671742987937,
        0.98787597127515,
        0.9949483928110595,
        0.9987550378988904,
        0.9844006039867779,
        1.0,
        0.8922884868738948
      ],
      [
        0.9717942811006911,
        0.87371741727207,
        0.9105876543167375,
        0.8922181048936602,
        0.9071616417710789,
        0.8873046521950404,
        0.8977328228492877,
        0.8832780467626549,
        0.9224692932180589,
        0.8922884868738947,
        1.0
      ]
    ],
    "mean_imag_fourier_pearson_correlations": [
      [
        1.0,
        0.1067725945760933,
        -0.00185339849916208,
        -0.1641946165452597,
        -0.1278782192407541,
        -0.11465082334028055,
        0.008236087393698157,
        -0.1636573367471141,
        9.925689927173354e-05,
        0.016097684302958614,
        -0.012612133749175403
      ],
      [
        0.1067725945760933,
        1.0,
        0.0992319898795683,
        -0.006865552380037625,
        -0.14371181442863784,
        -0.0188016646406371,
        -0.03421535790929299,
        0.04161407611899202,
        0.11084732580469997,
        -0.009017014458407559,
        -0.08674858811267523
      ],
      [
        -0.00185339849916208,
        0.0992319898795683,
        1.0,
        -0.05087612897546871,
        0.10145154518538613,
        -0.026023016105995417,
        0.1928782987763467,
        0.19649165000902918,
        0.26030106748507503,
        -0.03857546829783642,
        -0.3594243074769794
      ],
      [
        -0.1641946165452597,
        -0.006865552380037625,
        -0.050876128975468726,
        1.0,
        -0.16235932250367965,
        0.13365990148963305,
        0.01827957700910419,
        -0.10232789701938629,
        0.025188215854112954,
        0.00890885084441364,
        0.04199435611139357
      ],
      [
        -0.1278782192407541,
        -0.14371181442863784,
        0.10145154518538613,
        -0.16235932250367965,
        1.0,
        -0.03352638180500871,
        0.2459502415806808,
        0.03040745920209015,
        0.35916266958554344,
        -0.006313609432938896,
        -0.3944178742956328
      ],
      [
        -0.11465082334028055,
        -0.018801664640637105,
        -0.026023016105995424,
        0.13365990148963305,
        -0.03352638180500871,
        1.0,
        -0.13004976562382436,
        -0.21231666465553695,
        0.060892869293076614,
        0.18304645395519248,
        0.03364495891384922
      ],
      [
        0.008236087393698157,
        -0.03421535790929299,
        0.1928782987763467,
        0.0182795770091042,
        0.2459502415806808,
        -0.13004976562382436,
        1.0,
        0.1403483210078653,
        0.4733721400230344,
        0.031135747611261165,
        -0.532496369417575
      ],
      [
        -0.1636573367471141,
        0.04161407611899202,
        0.19649165000902918,
        -0.10232789701938629,
        0.030407459202090138,
        -0.21231666465553695,
        0.1403483210078653,
        1.0,
        -0.16715192540590515,
        0.04508803953767695,
        0.06657708178167737
      ],
      [
        9.925689927173576e-05,
        0.11084732580469997,
        0.26030106748507503,
        0.025188215854112954,
        0.35916266958554344,
        0.060892869293076614,
        0.4733721400230344,
        -0.16715192540590515,
        1.0,
        -0.05368127446540398,
        -0.8281126859571292
      ],
      [
        0.016097684302958614,
        -0.009017014458407559,
        -0.03857546829783642,
        0.00890885084441364,
        -0.006313609432938896,
        0.18304645395519248,
        0.031135747611261165,
        0.04508803953767695,
        -0.05368127446540398,
        1.0,
        -0.03926468237486055
      ],
      [
        -0.012612133749175403,
        -0.08674858811267523,
        -0.3594243074769794,
        0.04199435611139358,
        -0.3944178742956328,
        0.033644958913849214,
        -0.5324963694175752,
        0.06657708178167737,
        -0.8281126859571292,
        -0.03926468237486054,
        1.0
      ]
    ],
    "mean_distance_correlations": [
      [
        1.0,
        0.36699515526658966,
        0.3676419706349665,
        0.3685630037091856,
        0.36815362262840423,
        0.3680954241672669,
        0.3681591539306727,
        0.3685412438034762,
        0.368253026406004,
        0.3702217835116691,
        0.36833884059834426,
        0.3638489559290105
      ],
      [
        0.36699515526658966,
        1.0,
        0.9899274468027991,
        0.9878361234028071,
        0.990285259228757,
        0.988812693507831,
        0.9908210497571843,
        0.990102398775287,
        0.9912606928287921,
        0.9861448045923421,
        0.9912830538138939,
        0.7786371881488828
      ],
      [
        0.3676419706349665,
        0.9899274468027991,
        1.0,
        0.9932272942086107,
        0.9954627044826094,
        0.9940560123450964,
        0.9966327336372005,
        0.9948079306984491,
        0.9968501423080687,
        0.9913175221771042,
        0.9963966501472024,
        0.786078122597226
      ],
      [
        0.3685630037091856,
        0.9878361234028071,
        0.9932272942086107,
        1.0,
        0.9941206419269464,
        0.9918187810114982,
        0.9945402247230514,
        0.9936006241444693,
        0.9949222565762946,
        0.9914849340251171,
        0.9943693084584839,
        0.7880971188579824
      ],
      [
        0.36815362262840423,
        0.990285259228757,
        0.9954627044826094,
        0.9941206419269464,
        1.0,
        0.9953545602258561,
        0.9982630125405098,
        0.9965907631117118,
        0.9981231976457703,
        0.9923840718684541,
        0.9977654702280228,
        0.7865776798415535
      ],
      [
        0.3680954241672669,
        0.988812693507831,
        0.9940560123450964,
        0.9918187810114982,
        0.9953545602258561,
        1.0,
        0.9962213258072419,
        0.9953833912614991,
        0.9960704283433804,
        0.992563239036421,
        0.9958818189020344,
        0.7881675663349175
      ],
      [
        0.3681591539306727,
        0.9908210497571843,
        0.9966327336372005,
        0.9945402247230514,
        0.9982630125405098,
        0.9962213258072419,
        1.0,
        0.9971312528861833,
        0.9989819193725451,
        0.9930333732626488,
        0.9987227200632551,
        0.7876788982950838
      ],
      [
        0.3685412438034762,
        0.990102398775287,
        0.9948079306984491,
        0.9936006241444693,
        0.9965907631117118,
        0.9953833912614991,
        0.9971312528861833,
        1.0,
        0.9977923087419778,
        0.9930739293892025,
        0.9971453690655976,
        0.7876320737889695
      ],
      [
        0.368253026406004,
        0.9912606928287921,
        0.9968501423080687,
        0.9949222565762946,
        0.9981231976457703,
        0.9960704283433804,
        0.9989819193725451,
        0.9977923087419778,
        1.0,
        0.9931174121009819,
        0.998859066976348,
        0.7887303680818188
      ],
      [
        0.3702217835116691,
        0.9861448045923421,
        0.9913175221771042,
        0.9914849340251171,
        0.9923840718684541,
        0.992563239036421,
        0.9930333732626488,
        0.9930739293892025,
        0.9931174121009819,
        1.0,
        0.9932590298729673,
        0.7872288984119377
      ],
      [
        0.36833884059834426,
        0.9912830538138939,
        0.9963966501472024,
        0.9943693084584839,
        0.9977654702280228,
        0.9958818189020344,
        0.9987227200632551,
        0.9971453690655976,
        0.998859066976348,
        0.9932590298729673,
        1.0,
        0.7962673264719423
      ],
      [
        0.3638489559290105,
        0.7786371881488828,
        0.786078122597226,
        0.7880971188579824,
        0.7865776798415535,
        0.7881675663349175,
        0.7876788982950838,
        0.7876320737889695,
        0.7887303680818188,
        0.7872288984119377,
        0.7962673264719423,
        1.0
      ]
    ],
    "mean_real_fourier_distance_correlations": [
      [
        1.0,
        0.9475231336752072,
        0.9577175984990116,
        0.9584050546964548,
        0.9580787101606495,
        0.9596862091644622,
        0.9611194872272791,
        0.9618443841845274,
        0.947924879821288,
        0.9635011220737085,
        0.9277447945386007
      ],
      [
        0.9475231336752072,
        1.0,
        0.9839722904837389,
        0.9899929937874196,
        0.9791312941871695,
        0.9896743285557094,
        0.9848093694696496,
        0.9896981454847321,
        0.9678465199328111,
        0.9906024748998472,
        0.9581965228474928
      ],
      [
        0.9577175984990116,
        0.9839722904837389,
        1.0,
        0.9820499092112756,
        0.9893286625414478,
        0.9826592705379895,
        0.9829612431723261,
        0.98234455388234,
        0.9778787199022051,
        0.9853376173814773,
        0.9676622762628873
      ],
      [
        0.9584050546964548,
        0.9899929937874196,
        0.9820499092112756,
        1.0,
        0.9813447086579484,
        0.9954635841397795,
        0.9895183906177987,
        0.995459193794154,
        0.9665041376010379,
        0.995453964027141,
        0.9528899566478828
      ],
      [
        0.9580787101606495,
        0.9791312941871695,
        0.9893286625414478,
        0.9813447086579484,
        1.0,
        0.9848405879365412,
        0.9910052616025281,
        0.9850562750549162,
        0.978687562586585,
        0.9872229221845912,
        0.9689326223424449
      ],
      [
        0.9596862091644622,
        0.9896743285557094,
        0.9826592705379895,
        0.9954635841397795,
        0.9848405879365412,
        1.0,
        0.9919775334846592,
        0.9981286624836188,
        0.965786145088484,
        0.9980156084317418,
        0.9537535731154334
      ],
      [
        0.9611194872272791,
        0.9848093694696496,
        0.9829612431723261,
        0.9895183906177987,
        0.9910052616025281,
        0.9919775334846592,
        1.0,
        0.9927779411520485,
        0.976721462887931,
        0.9937848719919381,
        0.963665810155005
      ],
      [
        0.9618443841845274,
        0.9896981454847321,
        0.98234455388234,
        0.995459193794154,
        0.9850562750549162,
        0.9981286624836188,
        0.9927779411520485,
        1.0,
        0.9650136265363156,
        0.9993513731309648,
        0.9524954856505962
      ],
      [
        0.947924879821288,
        0.9678465199328111,
        0.9778787199022051,
        0.9665041376010379,
        0.978687562586585,
        0.965786145088484,
        0.976721462887931,
        0.9650136265363156,
        1.0,
        0.9706410671189311,
        0.9811259599152742
      ],
      [
        0.9635011220737085,
        0.9906024748998472,
        0.9853376173814773,
        0.995453964027141,
        0.9872229221845912,
        0.9980156084317418,
        0.9937848719919381,
        0.9993513731309648,
        0.9706410671189311,
        1.0,
        0.9576334101591911
      ],
      [
        0.9277447945386007,
        0.9581965228474928,
        0.9676622762628871,
        0.9528899566478828,
        0.9689326223424449,
        0.9537535731154334,
        0.963665810155005,
        0.9524954856505962,
        0.9811259599152743,
        0.9576334101591912,
        1.0
      ]
    ],
    "mean_imag_fourier_distance_correlations": [
      [
        1.0,
        0.685406988961719,
        0.7055361974807838,
        0.9153520825170007,
        0.710652191638212,
        0.9229943860223179,
        0.6852605321946348,
        0.9463882274165255,
        0.4867507036744169,
        0.923160934772374,
        0.3283712704564978
      ],
      [
        0.685406988961719,
        1.0,
        0.880303035892146,
        0.8392007295593341,
        0.8911216510923559,
        0.8406830495840686,
        0.8967720498844853,
        0.8173707970617197,
        0.889550615486423,
        0.8486405547383252,
        0.8460748882722251
      ],
      [
        0.7055361974807838,
        0.880303035892146,
        1.0,
        0.8596204023708208,
        0.9221473522346783,
        0.8363574676929173,
        0.8980853921804504,
        0.8415881882345967,
        0.8475274183583105,
        0.8578608644288174,
        0.8020709831632886
      ],
      [
        0.9153520825170007,
        0.8392007295593341,
        0.8596204023708208,
        1.0,
        0.8710373414548976,
        0.9623800996532589,
        0.8491287698109835,
        0.9574755124223718,
        0.7412471853358811,
        0.9460244796817588,
        0.6380157716363097
      ],
      [
        0.710652191638212,
        0.8911216510923559,
        0.9221473522346783,
        0.8710373414548976,
        1.0,
        0.8589240737139466,
        0.9239982359668408,
        0.843734032922262,
        0.873687090238434,
        0.8601850272372397,
        0.8326281489952612
      ],
      [
        0.9229943860223179,
        0.8406830495840686,
        0.8363574676929173,
        0.9623800996532589,
        0.8589240737139466,
        1.0,
        0.8335159129806163,
        0.9574617475885131,
        0.7194596437972964,
        0.9452200358460421,
        0.6205192680428073
      ],
      [
        0.6852605321946348,
        0.8967720498844853,
        0.8980853921804504,
        0.8491287698109835,
        0.9239982359668408,
        0.8335159129806163,
        1.0,
        0.825729646905917,
        0.8790572483085713,
        0.8536514901894451,
        0.8312964087741628
      ],
      [
        0.9463882274165255,
        0.8173707970617197,
        0.8415881882345967,
        0.9574755124223718,
        0.843734032922262,
        0.9574617475885131,
        0.825729646905917,
        1.0,
        0.6995457549669714,
        0.9509113154100526,
        0.584484873477561
      ],
      [
        0.4867507036744169,
        0.889550615486423,
        0.8475274183583105,
        0.7412471853358811,
        0.873687090238434,
        0.7194596437972964,
        0.8790572483085713,
        0.6995457549669714,
        1.0,
        0.7114885884791177,
        0.9323415393972796
      ],
      [
        0.923160934772374,
        0.8486405547383252,
        0.8578608644288174,
        0.9460244796817588,
        0.8601850272372397,
        0.9452200358460421,
        0.8536514901894451,
        0.9509113154100526,
        0.7114885884791177,
        1.0,
        0.6337235392652187
      ],
      [
        0.3283712704564978,
        0.8460748882722251,
        0.8020709831632888,
        0.6380157716363097,
        0.832628148995261,
        0.6205192680428073,
        0.8312964087741628,
        0.584484873477561,
        0.9323415393972795,
        0.6337235392652187,
        1.0
      ]
    ],
    "mean_mutual_info": [
      [
        3.677377517639621,
        0.8716239382631534,
        0.8860902936969716,
        0.8983886249875087,
        0.8808515748932861,
        0.900994811057931,
        0.8773220094504972,
        0.883954090050177,
        0.8755224657149335,
        0.8760040131255242,
        0.9018552550045333,
        1.0199780268182526
      ],
      [
        0.8716239382631534,
        3.677377517639621,
        2.9579649503158727,
        2.8451075329917472,
        2.851969156826028,
        2.8716250656508264,
        2.9307913159208034,
        2.9419332816279105,
        2.986501218856705,
        2.6149356783867206,
        2.890906972269958,
        1.9814041784188767
      ],
      [
        0.8860902936969717,
        2.9579649503158727,
        3.677377517639621,
        3.02046361084002,
        3.082758902286193,
        3.005216765315228,
        3.13489043645028,
        3.0483568305596496,
        3.1863962442296607,
        2.732952693646411,
        3.0256527129062905,
        1.9753084959919516
      ],
      [
        0.8983886249875087,
        2.8451075329917477,
        3.0204636108400194,
        3.677377517639621,
        2.958274908778191,
        2.9356089753210615,
        2.976511765658644,
        2.9463853115187,
        3.061991230644855,
        2.7306087622228152,
        2.91722046162464,
        1.9871141950165754
      ],
      [
        0.8808515748932861,
        2.851969156826028,
        3.082758902286193,
        2.958274908778191,
        3.677377517639621,
        2.935882005918239,
        3.1160725695244413,
        3.029118761510989,
        3.072606858927849,
        2.7186318347449454,
        3.032288766803254,
        1.9776607029137927
      ],
      [
        0.9009948110579312,
        2.8716250656508264,
        3.005216765315228,
        2.9356089753210615,
        2.9358820059182396,
        3.677377517639621,
        3.0493519640666285,
        3.0295669658200293,
        3.048148823531956,
        2.788518818786305,
        2.970284758433035,
        1.9935032066465401
      ],
      [
        0.8773220094504972,
        2.9307913159208034,
        3.13489043645028,
        2.976511765658644,
        3.1160725695244413,
        3.0493519640666285,
        3.677377517639621,
        3.082470732633217,
        3.17053798661509,
        2.7552393389727428,
        3.117560439717544,
        1.9779919856747197
      ],
      [
        0.883954090050177,
        2.9419332816279105,
        3.048356830559649,
        2.9463853115187,
        3.029118761510989,
        3.0295669658200293,
        3.082470732633217,
        3.677377517639621,
        3.19139889310617,
        2.7767551451345445,
        3.0440623226187835,
        1.9834015077545128
      ],
      [
        0.8755224657149335,
        2.986501218856705,
        3.1863962442296607,
        3.0619912306448542,
        3.072606858927849,
        3.048148823531956,
        3.17053798661509,
        3.1913988931061703,
        3.677377517639621,
        2.7330895987447907,
        3.1239444224015256,
        1.9816766509795767
      ],
      [
        0.8760040131255241,
        2.6149356783867206,
        2.732952693646411,
        2.7306087622228152,
        2.7186318347449445,
        2.7885188187863044,
        2.755239338972743,
        2.7767551451345445,
        2.7330895987447907,
        3.677377517639621,
        2.85085897966315,
        1.957522196533983
      ],
      [
        0.9018552550045336,
        2.890906972269958,
        3.0256527129062905,
        2.91722046162464,
        3.032288766803254,
        2.970284758433036,
        3.117560439717544,
        3.0440623226187835,
        3.1239444224015256,
        2.85085897966315,
        3.677377517639621,
        2.00931898442391
      ],
      [
        1.0199780268182528,
        1.9814041784188767,
        1.9753084959919516,
        1.9871141950165754,
        1.9776607029137927,
        1.99350320664654,
        1.9779919856747197,
        1.9834015077545128,
        1.9816766509795767,
        1.9575221965339833,
        2.0093189844239103,
        3.677377517639621
      ]
    ],
    "mean_real_fourier_mutual_info": [
      [
        0.15599088818858878,
        0.13290981041744016,
        0.1085577898357645,
        0.11868030094301676,
        0.09561706018030684,
        0.11107522996930369,
        0.09182670747520398,
        0.09478255482457193,
        0.08019710540741083,
        0.1056249269715659,
        0.1216913105404927
      ],
      [
        0.12357718964574368,
        0.4670871862096989,
        0.24828764917818474,
        0.23411602161005107,
        0.23316727483943345,
        0.23611860809019158,
        0.21879962771515213,
        0.2455840592892783,
        0.18730267827901648,
        0.25653708801232045,
        0.2462536045784611
      ],
      [
        0.1315407788805624,
        0.23069291556233218,
        0.6906946016700556,
        0.32422088937403,
        0.31098202546057513,
        0.3323368804602773,
        0.31760804993898784,
        0.32439751551051876,
        0.31227738950240097,
        0.3187003488754928,
        0.32404100115898027
      ],
      [
        0.08955629380120785,
        0.2482130330232942,
        0.3123680490926182,
        0.8964758574513112,
        0.3938948912612119,
        0.4143425470216715,
        0.40866838804388594,
        0.39146449899634367,
        0.42071560005427794,
        0.4357298064852248,
        0.3812797980231642
      ],
      [
        0.09855906887353182,
        0.2180296013183013,
        0.3269782461710815,
        0.39914887008661937,
        1.1132585905911876,
        0.4676376937803301,
        0.5052029723147594,
        0.45545473362125327,
        0.44230888850448813,
        0.4687427164788954,
        0.42550829861245654
      ],
      [
        0.0903102343051483,
        0.24779246597833532,
        0.29724560401185807,
        0.40771400360741394,
        0.47793616779308984,
        1.1440542235296776,
        0.48695607887779535,
        0.4790287831077308,
        0.48860829059059974,
        0.5326595054412394,
        0.5267574305271124
      ],
      [
        0.10135110896278547,
        0.2456582902166717,
        0.3052951274117796,
        0.4077504435545128,
        0.4905445513706242,
        0.5038197152414318,
        1.2011276659602628,
        0.48087739051781553,
        0.5016965796910515,
        0.5320527616109219,
        0.4741314209403555
      ],
      [
        0.07931741041404931,
        0.25171012898677664,
        0.3284521460651493,
        0.3812587444334462,
        0.43347504928442604,
        0.47781203424812474,
        0.5021155782560032,
        1.1471806922990033,
        0.4944744384156154,
        0.5024562053586825,
        0.5085638637084905
      ],
      [
        0.08074963360799307,
        0.20121547183466731,
        0.29942869058227345,
        0.38403185787053573,
        0.4577790215460497,
        0.4808709168532259,
        0.5112891722836441,
        0.5120595067863981,
        1.2984095877421844,
        0.5506507795037209,
        0.48948317832837984
      ],
      [
        0.08627443044039715,
        0.2332586785910539,
        0.3261977165871462,
        0.43706801853772254,
        0.5009415414634347,
        0.5078944054618538,
        0.5204507207945954,
        0.5152330211354983,
        0.5317672503344776,
        1.2300972810013062,
        0.6314230847780166
      ],
      [
        0.10539156438349315,
        0.24716205871380606,
        0.31176987810214296,
        0.38453362884842357,
        0.4366330257371837,
        0.5134953539793217,
        0.4859201243004873,
        0.5134618228921639,
        0.49542916884579896,
        0.609093565091354,
        1.4066067979393946
      ]
    ],
    "mean_complex_fourier_mutual_info": [
      [
        0.1349630075888374,
        0.06927987921541677,
        0.08444331192993314,
        0.10644798144178981,
        0.06366709286258183,
        0.08631114632496796,
        0.07972458567936261,
        0.09826097702811577,
        0.0494193126234261,
        0.11304676963002958,
        0.05471927830552352
      ],
      [
        0.07779361045526476,
        0.2639681423217475,
        0.11109181427038592,
        0.14935443034204657,
        0.13772819881643436,
        0.1576448551203086,
        0.1400054827271768,
        0.12663320881454457,
        0.16008553568239556,
        0.1332760243671346,
        0.13550945451177662
      ],
      [
        0.07707252441319244,
        0.13814119415811169,
        0.5671565563820102,
        0.254717195314719,
        0.22543092415471933,
        0.20682030958214098,
        0.24472806483244383,
        0.2093919875560747,
        0.23633823982298144,
        0.23748869007382975,
        0.20639095882085745
      ],
      [
        0.08108626581945945,
        0.12784191566046965,
        0.19219450636345856,
        0.8220679161862273,
        0.31920502355442676,
        0.3374081709811479,
        0.2984188134993091,
        0.3446214454947318,
        0.30240290170785555,
        0.3452727653937299,
        0.28109397853117474
      ],
      [
        0.08095700393190469,
        0.13309182815562748,
        0.24558750038272417,
        0.31568152324521215,
        1.0907385233568343,
        0.3814135630778712,
        0.4018284955907692,
        0.41142444799454997,
        0.42546142371396706,
        0.41021080368515156,
        0.36539217868474855
      ],
      [
        0.10368633205950802,
        0.1254515473387655,
        0.20860751708363423,
        0.35369622155491265,
        0.4148134119062914,
        1.2332693311733565,
        0.45334113931836206,
        0.48756789209774637,
        0.45131680187717366,
        0.47989959778946983,
        0.41160912119315507
      ],
      [
        0.0854282002949631,
        0.14612689516161445,
        0.2187837181738114,
        0.3231099768333296,
        0.4162381018575182,
        0.4577991548478061,
        1.332800331918643,
        0.4708424575244568,
        0.49896239289892563,
        0.4861277925147897,
        0.503794338649049
      ],
      [
        0.11950311323973457,
        0.13994517761711495,
        0.2160407409191136,
        0.3531574861736297,
        0.4249365760781065,
        0.4972624911494883,
        0.49222409704895353,
        1.3465108383434352,
        0.49193691678609885,
        0.5473744486057626,
        0.44885172773562887
      ],
      [
        0.05094805671420024,
        0.16226989956412788,
        0.20910007058481223,
        0.32800377438015665,
        0.40858840784095124,
        0.4496482455657603,
        0.4799620149699764,
        0.5023174568809247,
        1.4476020222917618,
        0.5191852039061241,
        0.5536313405581432
      ],
      [
        0.0865781836760389,
        0.16542048269436596,
        0.23596267904781879,
        0.3366759125111628,
        0.40571609469044256,
        0.4817998589040166,
        0.4923847842003528,
        0.5415328008355433,
        0.5124592023944083,
        1.4466088593700277,
        0.514223867005601
      ],
      [
        0.06362224088915841,
        0.12918331838112918,
        0.23932906040181615,
        0.29131699096847286,
        0.36485514164771154,
        0.41627846771964433,
        0.49432457296499777,
        0.4571109869948882,
        0.5424896172021342,
        0.5096732245263871,
        1.502492869539752
      ]
    ],
    "mean_cross_correlations": [
      [
        3440.39404296875,
        107.74189717170243,
        86.46233518703113,
        92.76931989660399,
        88.80058538083918,
        91.89430163563617,
        89.18490882806877,
        92.01919265901505,
        90.3235715005852,
        94.7530284505741,
        89.50673876232351,
        28.875986355413115
      ],
      [
        107.74189717170243,
        46.40382145088452,
        36.903630725693766,
        39.1458476248352,
        37.99845718303901,
        38.850558456787105,
        38.16854579827584,
        39.05538309139869,
        38.71072431488159,
        38.74416713614316,
        38.45276317063549,
        6.670478197353934
      ],
      [
        86.46233518703113,
        36.903630725693766,
        34.01671239157104,
        34.19024478583076,
        33.00850887574181,
        33.52607232219789,
        33.12997971106354,
        33.886016166371626,
        33.96248659456982,
        32.695881095150476,
        33.569798316308976,
        0.7222623096462208
      ],
      [
        92.76931989660399,
        39.1458476248352,
        34.19024478583076,
        35.78546083277993,
        34.57933669597307,
        34.87779073092876,
        34.38346698965749,
        35.16964824771517,
        35.1297331860345,
        34.31378325129056,
        34.759937750271796,
        0.831622215758486
      ],
      [
        88.80058538083918,
        37.99845718303901,
        33.00850887574181,
        34.57933669597307,
        34.61715864982429,
        34.50779522231455,
        33.690359391256024,
        34.422495795286785,
        34.506281091152154,
        33.435636138033935,
        34.07868618316069,
        0.7958344497407106
      ],
      [
        91.89430163563617,
        38.850558456787105,
        33.52607232219789,
        34.87779073092876,
        34.50779522231455,
        35.435156949513726,
        34.69056201697725,
        35.25293032634062,
        35.11474559274222,
        34.15451898539003,
        34.68991156330283,
        0.8204187806548269
      ],
      [
        89.18490882806877,
        38.16854579827584,
        33.12997971106354,
        34.38346698965749,
        33.690359391256024,
        34.69056201697725,
        35.026812746809036,
        35.31759873694083,
        35.09206948683668,
        33.835622391582945,
        34.61789462745353,
        0.770101067471929
      ],
      [
        92.01919265901505,
        39.05538309139869,
        33.886016166371626,
        35.16964824771517,
        34.422495795286785,
        35.25293032634062,
        35.31759873694083,
        35.998191455218674,
        35.77593850860222,
        34.57129134179377,
        35.30402210812572,
        0.7838662315705826
      ],
      [
        90.3235715005852,
        38.71072431488159,
        33.96248659456982,
        35.1297331860345,
        34.506281091152154,
        35.11474559274222,
        35.09206948683668,
        35.77593850860222,
        35.96217924776274,
        34.4785945752742,
        35.422698121585974,
        0.7480985172143653
      ],
      [
        94.7530284505741,
        38.74416713614316,
        32.695881095150476,
        34.31378325129056,
        33.435636138033935,
        34.15451898539003,
        33.835622391582945,
        34.57129134179377,
        34.4785945752742,
        34.19778170235537,
        34.103960992894464,
        0.8107294476962084
      ],
      [
        89.50673876232351,
        38.45276317063549,
        33.569798316308976,
        34.759937750271796,
        34.07868618316069,
        34.68991156330283,
        34.61789462745353,
        35.30402210812572,
        35.422698121585974,
        34.103960992894464,
        35.020327807432,
        0.7703515054938775
      ],
      [
        28.875986355413115,
        6.670478197353934,
        0.7222623096462208,
        0.831622215758486,
        0.7958344497407106,
        0.8204187806548269,
        0.770101067471929,
        0.7838662315705826,
        0.7480985172143653,
        0.8107294476962084,
        0.7703515054938775,
        50.15136066455748
      ]
    ],
    "mean_real_fourier_cross_correlations": [
      [
        0.4470956434098649,
        0.35406604054821633,
        0.3775084505534011,
        0.3660005975269558,
        0.37406170660998517,
        0.3671192065383291,
        0.37547141001433704,
        0.37183861360726567,
        0.3762683655410369,
        0.3690819874216132,
        0.329147245798484
      ],
      [
        0.35406604054821633,
        0.32466419299469046,
        0.32713623614698684,
        0.3157585238276192,
        0.3202611074312106,
        0.3163828363896913,
