{
  "(11, 3)": {
    "mean_losses": 0.3832438588142395,
    "mean_pearson_correlations": [
      [
        0.9999999999999996,
        -0.10661650383764189,
        -0.10489739465850176,
        -0.10546207949669173,
        -0.10557992885927801,
        -0.10541499184858445,
        -0.1056701898560301,
        -0.10304847829628885,
        -0.10571617136164259,
        -0.10913151024315747,
        -0.10637284961863552,
        -0.08164383390875449
      ],
      [
        -0.10661650383764189,
        1.0,
        0.99657006542208,
        0.9933012141412684,
        0.9978627821480606,
        0.9918731196788957,
        0.9980908227504333,
        0.992564113829,
        0.9984132588700557,
        0.9918383392571034,
        0.9981624208257233,
        0.7574434405412984
      ],
      [
        -0.10489739465850179,
        0.99657006542208,
        1.0,
        0.993391063588456,
        0.9970337449190592,
        0.9910916865387636,
        0.9978649668796858,
        0.9923529782711998,
        0.997905866785111,
        0.9912261311531122,
        0.9977699908646397,
        0.7552524508104547
      ],
      [
        -0.10546207949669173,
        0.9933012141412684,
        0.993391063588456,
        1.0,
        0.9941691841822223,
        0.9863365396243526,
        0.9945320965900898,
        0.9864455318810902,
        0.9946651200278229,
        0.9909096053183147,
        0.9946254345098134,
        0.7501098638776804
      ],
      [
        -0.10557992885927801,
        0.9978627821480606,
        0.9970337449190594,
        0.9941691841822223,
        1.0,
        0.9921929492140461,
        0.9988363490568765,
        0.9931758612087584,
        0.9991700856360503,
        0.9925528764453394,
        0.9989279634408483,
        0.7552377671666096
      ],
      [
        -0.10541499184858445,
        0.9918731196788957,
        0.9910916865387636,
        0.9863365396243526,
        0.9921929492140461,
        1.0,
        0.9934138853474918,
        0.9833502060151567,
        0.9933289282106337,
        0.9853857151161932,
        0.9932119402057279,
        0.7494912462824039
      ],
      [
        -0.1056701898560301,
        0.9980908227504334,
        0.9978649668796856,
        0.9945320965900898,
        0.9988363490568765,
        0.9934138853474918,
        1.0,
        0.9936748842169216,
        0.9996357109202073,
        0.9931223897437839,
        0.9995102218398304,
        0.7557309293034205
      ],
      [
        -0.10304847829628885,
        0.992564113829,
        0.9923529782711998,
        0.98644553188109,
        0.9931758612087584,
        0.9833502060151567,
        0.9936748842169216,
        1.0,
        0.9938412319708974,
        0.9830068170894557,
        0.9936603690393967,
        0.7500114744910062
      ],
      [
        -0.10571617136164256,
        0.9984132588700557,
        0.9979058667851111,
        0.9946651200278229,
        0.9991700856360503,
        0.9933289282106337,
        0.9996357109202074,
        0.9938412319708974,
        1.0,
        0.9931083114877909,
        0.9995146916483449,
        0.7562915324808764
      ],
      [
        -0.10913151024315747,
        0.9918383392571034,
        0.9912261311531122,
        0.9909096053183148,
        0.9925528764453394,
        0.9853857151161932,
        0.9931223897437839,
        0.9830068170894557,
        0.9931083114877906,
        1.0,
        0.9935184831818763,
        0.7505677783799319
      ],
      [
        -0.10637284961863552,
        0.9981624208257233,
        0.99776999086464,
        0.9946254345098134,
        0.9989279634408483,
        0.9932119402057279,
        0.9995102218398304,
        0.9936603690393969,
        0.999514691648345,
        0.9935184831818765,
        0.9999999999999999,
        0.7546557088347358
      ],
      [
        -0.08164383390875442,
        0.7574434405412984,
        0.7552524508104546,
        0.7501098638776805,
        0.7552377671666095,
        0.7494912462824039,
        0.7557309293034205,
        0.7500114744910061,
        0.7562915324808767,
        0.7505677783799318,
        0.7546557088347358,
        0.9999999999999986
      ]
    ],
    "mean_real_fourier_pearson_correlations": [
      [
        1.0,
        0.928852654120302,
        0.9649085827333447,
        0.9433148950534367,
        0.9608213413555937,
        0.94401494845402,
        0.9596615304486407,
        0.9427727426902471,
        0.9812331832353408,
        0.929672147768955,
        0.9616179970973385
      ],
      [
        0.928852654120302,
        1.0,
        0.9716355459323203,
        0.9254229100418049,
        0.9369311477808874,
        0.9184091022166466,
        0.9428068877214861,
        0.9457100213550358,
        0.9460595644154737,
        0.7865838514002891,
        0.9236068589478502
      ],
      [
        0.9649085827333447,
        0.9716355459323203,
        1.0,
        0.9626351538179133,
        0.9672304473358097,
        0.9452472639872106,
        0.9625359104744934,
        0.956781875135388,
        0.9727870586198278,
        0.8409399829746724,
        0.94854516966688
      ],
      [
        0.9433148950534366,
        0.9254229100418049,
        0.9626351538179132,
        1.0,
        0.9747765545885175,
        0.9269352855553065,
        0.9435202127404989,
        0.9246874654851553,
        0.9458931725157934,
        0.8252292370474854,
        0.9203586758174338
      ],
      [
        0.9608213413555937,
        0.9369311477808874,
        0.9672304473358095,
        0.9747765545885175,
        1.0,
        0.97044285995919,
        0.9696368601082617,
        0.9481380670158329,
        0.9653520577963886,
        0.8421850722263651,
        0.9441421960733501
      ],
      [
        0.9440149484540201,
        0.9184091022166464,
        0.9452472639872106,
        0.9269352855553065,
        0.97044285995919,
        1.0,
        0.9787924195451744,
        0.9381602711716421,
        0.9541317961179139,
        0.8274621482706936,
        0.9246100983635628
      ],
      [
        0.9596615304486407,
        0.9428068877214859,
        0.9625359104744934,
        0.9435202127404988,
        0.9696368601082617,
        0.9787924195451743,
        1.0,
        0.9769602023030931,
        0.9735959900044601,
        0.8274995514099895,
        0.9447908096065133
      ],
      [
        0.9427727426902471,
        0.9457100213550358,
        0.956781875135388,
        0.9246874654851553,
        0.9481380670158329,
        0.9381602711716421,
        0.976960202303093,
        1.0,
        0.9773279197781669,
        0.7910016120206035,
        0.9386356974104128
      ],
      [
        0.9812331832353407,
        0.9460595644154737,
        0.972787058619828,
        0.9458931725157936,
        0.9653520577963886,
        0.9541317961179139,
        0.9735959900044601,
        0.9773279197781669,
        1.0,
        0.8706663246504414,
        0.9689873043635838
      ],
      [
        0.9296721477689551,
        0.7865838514002891,
        0.8409399829746722,
        0.8252292370474852,
        0.8421850722263651,
        0.8274621482706936,
        0.8274995514099895,
        0.7910016120206035,
        0.8706663246504414,
        1.0,
        0.8318827445193997
      ],
      [
        0.9616179970973385,
        0.9236068589478502,
        0.9485451696668799,
        0.9203586758174336,
        0.9441421960733501,
        0.9246100983635628,
        0.9447908096065134,
        0.9386356974104126,
        0.9689873043635838,
        0.8318827445193997,
        1.0
      ]
    ],
    "mean_imag_fourier_pearson_correlations": [
      [
        1.0,
        -0.011084900009930301,
        0.020405652877930485,
        0.018926513944050462,
        -0.10276981557495829,
        -0.20902474393705733,
        0.021724048557206728,
        0.005674224455739716,
        -0.044869904681674476,
        -0.1248946182482202,
        -0.02486077864555564
      ],
      [
        -0.011084900009930298,
        1.0,
        0.04980499954649864,
        -0.020191750230097023,
        0.014826966190380096,
        -0.009526663746705,
        0.010224745160151079,
        0.09130377183309028,
        0.1897102177720965,
        -0.07993775205838241,
        0.03965678584806984
      ],
      [
        0.020405652877930485,
        0.04980499954649864,
        1.0,
        0.07967123586097431,
        0.060800698160814175,
        -0.15410805787755344,
        0.1254511831692423,
        0.014264024100701657,
        0.2137107554636134,
        -0.05121336170908425,
        0.17157851612617953
      ],
      [
        0.01892651394405046,
        -0.020191750230097023,
        0.07967123586097431,
        1.0,
        -0.2780244740234544,
        0.010133792899234979,
        0.1550592751325358,
        0.11422770399585574,
        -0.054095875012637976,
        -0.0965790318768764,
        -0.08032853173077699
      ],
      [
        -0.10276981557495829,
        0.014826966190380096,
        0.060800698160814175,
        -0.2780244740234544,
        1.0,
        0.04237663273146707,
        -0.1753940672709752,
        -0.0854572904560658,
        0.03698899090558915,
        -0.020554766787887077,
        0.11081464071387426
      ],
      [
        -0.20902474393705733,
        -0.009526663746704982,
        -0.15410805787755344,
        0.010133792899234979,
        0.04237663273146707,
        1.0,
        -0.04540371128105839,
        0.23520833301776067,
        0.017351042965591312,
        -0.022178376015224464,
        -0.031107151666645464
      ],
      [
        0.021724048557206728,
        0.010224745160151079,
        0.1254511831692423,
        0.1550592751325358,
        -0.1753940672709752,
        -0.04540371128105841,
        1.0,
        0.11557776839278096,
        0.07329454501822841,
        -0.028123609382736375,
        -0.08680842125883294
      ],
      [
        0.005674224455739716,
        0.0913037718330903,
        0.014264024100701623,
        0.11422770399585574,
        -0.08545729045606582,
        0.23520833301776067,
        0.11557776839278096,
        1.0,
        -0.049580214015227934,
        -0.15333881185955792,
        0.02073785334522852
      ],
      [
        -0.044869904681674476,
        0.1897102177720965,
        0.2137107554636134,
        -0.054095875012637976,
        0.03698899090558915,
        0.017351042965591312,
        0.07329454501822841,
        -0.04958021401522792,
        1.0,
        0.07500889575860507,
        0.22974385650323953
      ],
      [
        -0.1248946182482202,
        -0.07993775205838241,
        -0.05121336170908425,
        -0.0965790318768764,
        -0.020554766787887077,
        -0.022178376015224464,
        -0.028123609382736392,
        -0.15333881185955792,
        0.07500889575860507,
        1.0,
        0.01274663510972921
      ],
      [
        -0.024860778645555658,
        0.03965678584806984,
        0.17157851612617953,
        -0.08032853173077699,
        0.11081464071387426,
        -0.03110715166664546,
        -0.08680842125883295,
        0.020737853345228513,
        0.22974385650323953,
        0.01274663510972921,
        1.0
      ]
    ],
    "mean_distance_correlations": [
      [
        1.0,
        0.36807896919299943,
        0.3681501695272091,
        0.3675347914313401,
        0.36821141066507523,
        0.36641611114586525,
        0.36807970015777924,
        0.3675685188201045,
        0.3681322304181338,
        0.36570742162278286,
        0.36821549933802933,
        0.3671647126099075
      ],
      [
        0.36807896919299943,
        1.0,
        0.9952903207020307,
        0.9917887803517299,
        0.9957671488945558,
        0.9926614328944384,
        0.9955318380013106,
        0.9931788214305086,
        0.9963013512620518,
        0.9927065521958425,
        0.9957485242629902,
        0.9847581646298147
      ],
      [
        0.3681501695272091,
        0.9952903207020307,
        1.0,
        0.9934460000404407,
        0.9968128563298732,
        0.9943518603175743,
        0.9978848676631975,
        0.9949115975951942,
        0.997977619014092,
        0.9941122276479072,
        0.9976372143903647,
        0.985476016398795
      ],
      [
        0.3675347914313401,
        0.9917887803517299,
        0.9934460000404407,
        1.0,
        0.9938799758489306,
        0.9906067376432622,
        0.9941700244903893,
        0.9911764626661774,
        0.9945697654890263,
        0.993128190356145,
        0.9943943860123821,
        0.9821683754618148
      ],
      [
        0.36821141066507523,
        0.9957671488945558,
        0.9968128563298732,
        0.9938799758489306,
        1.0,
        0.9947039777166576,
        0.9976749719037804,
        0.9950977916423382,
        0.9984180675765033,
        0.9943988188001461,
        0.9978747797285547,
        0.9858129053871036
      ],
      [
        0.36641611114586525,
        0.9926614328944384,
        0.9943518603175743,
        0.9906067376432622,
        0.9947039777166576,
        1.0,
        0.9959422389920676,
        0.9912350170570852,
        0.9958383048156065,
        0.9918150072731521,
        0.9957042328380864,
        0.983553859569159
      ],
      [
        0.36807970015777924,
        0.9955318380013106,
        0.9978848676631975,
        0.9941700244903893,
        0.9976749719037804,
        0.9959422389920676,
        1.0,
        0.9957508087152592,
        0.9989720899369844,
        0.9954831793796838,
        0.9987086128848943,
        0.9862928199315568
      ],
      [
        0.3675685188201045,
        0.9931788214305086,
        0.9949115975951942,
        0.9911764626661774,
        0.9950977916423382,
        0.9912350170570852,
        0.9957508087152592,
        1.0,
        0.9960352771639936,
        0.9917538325017822,
        0.9959217521803151,
        0.9836181953227084
      ],
      [
        0.3681322304181338,
        0.9963013512620518,
        0.997977619014092,
        0.9945697654890263,
        0.9984180675765033,
        0.9958383048156065,
        0.9989720899369844,
        0.9960352771639936,
        1.0,
        0.9954384552384704,
        0.9986939640064533,
        0.9871605329934607
      ],
      [
        0.36570742162278286,
        0.9927065521958425,
        0.9941122276479072,
        0.993128190356145,
        0.9943988188001461,
        0.9918150072731521,
        0.9954831793796838,
        0.9917538325017822,
        0.9954384552384704,
        1.0,
        0.9959070796343226,
        0.9835482221387356
      ],
      [
        0.36821549933802933,
        0.9957485242629902,
        0.9976372143903647,
        0.9943943860123821,
        0.9978747797285547,
        0.9957042328380864,
        0.9987086128848943,
        0.9959217521803151,
        0.9986939640064533,
        0.9959070796343226,
        1.0,
        0.9847479876812275
      ],
      [
        0.3671647126099075,
        0.9847581646298147,
        0.985476016398795,
        0.9821683754618148,
        0.9858129053871036,
        0.983553859569159,
        0.9862928199315568,
        0.9836181953227084,
        0.9871605329934607,
        0.9835482221387356,
        0.9847479876812275,
        1.0
      ]
    ],
    "mean_real_fourier_distance_correlations": [
      [
        1.0,
        0.9246369060297649,
        0.9421822181162645,
        0.9376261308715712,
        0.9384468130160083,
        0.9402425058670736,
        0.9400635962137507,
        0.934500582576414,
        0.9361385974723953,
        0.9477234426121411,
        0.9202162673449105
      ],
      [
        0.9246369060297649,
        1.0,
        0.9761233062962479,
        0.9862503208266756,
        0.9656755827261355,
        0.9835546443800641,
        0.9659344096699727,
        0.9834008713768313,
        0.9558394826477732,
        0.9793262973563835,
        0.947298655785099
      ],
      [
        0.9421822181162645,
        0.9761233062962479,
        1.0,
        0.9752970669424765,
        0.9729531506105377,
        0.9738145803287708,
        0.9767412949368145,
        0.9711954339018587,
        0.9709247401243276,
        0.9756088011046424,
        0.9533995126110045
      ],
      [
        0.9376261308715712,
        0.9862503208266756,
        0.9752970669424765,
        1.0,
        0.9717628984170337,
        0.9912102787580054,
        0.9704449829385403,
        0.9917494051970482,
        0.957657117899503,
        0.9877939185231271,
        0.9437381636833204
      ],
      [
        0.9384468130160083,
        0.9656755827261355,
        0.9729531506105377,
        0.9717628984170337,
        1.0,
        0.9687292629494395,
        0.974097730123917,
        0.9643685440297429,
        0.9697748982025886,
        0.9690002318992295,
        0.9497180354911243
      ],
      [
        0.9402425058670736,
        0.9835546443800641,
        0.9738145803287708,
        0.9912102787580054,
        0.9687292629494395,
        1.0,
        0.9764681293627757,
        0.9936874655063909,
        0.9553656202874978,
        0.9884107210034818,
        0.9433979322534843
      ],
      [
        0.9400635962137507,
        0.9659344096699727,
        0.9767412949368145,
        0.9704449829385403,
        0.974097730123917,
        0.9764681293627757,
        1.0,
        0.970357544928042,
        0.9678137651802178,
        0.9718869254607345,
        0.9540344258972401
      ],
      [
        0.934500582576414,
        0.9834008713768313,
        0.9711954339018587,
        0.9917494051970482,
        0.9643685440297429,
        0.9936874655063909,
        0.970357544928042,
        1.0,
        0.9543267689136115,
        0.9861217937739433,
        0.9394320433986663
      ],
      [
        0.9361385974723953,
        0.9558394826477732,
        0.9709247401243276,
        0.957657117899503,
        0.9697748982025886,
        0.9553656202874978,
        0.9678137651802178,
        0.9543267689136115,
        1.0,
        0.9619835663242752,
        0.9755660141949043
      ],
      [
        0.9477234426121411,
        0.9793262973563835,
        0.9756088011046424,
        0.9877939185231271,
        0.9690002318992295,
        0.9884107210034818,
        0.9718869254607345,
        0.9861217937739433,
        0.9619835663242752,
        1.0,
        0.9482879598184977
      ],
      [
        0.9202162673449105,
        0.947298655785099,
        0.9533995126110045,
        0.9437381636833203,
        0.9497180354911243,
        0.9433979322534843,
        0.9540344258972401,
        0.9394320433986662,
        0.9755660141949043,
        0.9482879598184977,
        1.0
      ]
    ],
    "mean_imag_fourier_distance_correlations": [
      [
        1.0,
        0.673588199246093,
        0.7403377544039164,
        0.9019650467645495,
        0.684122203059432,
        0.9447034420223145,
        0.7188020805388582,
        0.9625783810950348,
        0.5162108553617464,
        0.9251171404703922,
        0.5688471247894941
      ],
      [
        0.673588199246093,
        1.0,
        0.8849716389356759,
        0.8513327547793321,
        0.9076184859821685,
        0.821127522334566,
        0.8925327410462358,
        0.7941810325018384,
        0.8888175325627204,
        0.8299148767077537,
        0.8802812825894641
      ],
      [
        0.7403377544039164,
        0.8849716389356759,
        1.0,
        0.8673764401278737,
        0.9129218932365062,
        0.8457195933308173,
        0.93029920977052,
        0.8501907923227979,
        0.8441564738791526,
        0.8697278874477773,
        0.8690906168500614
      ],
      [
        0.9019650467645495,
        0.8513327547793321,
        0.8673764401278737,
        1.0,
        0.8518127764610733,
        0.963194924622523,
        0.8617865854663229,
        0.9463723468224552,
        0.7627440981055176,
        0.9486594036313329,
        0.7779323821292902
      ],
      [
        0.684122203059432,
        0.9076184859821685,
        0.9129218932365062,
        0.8518127764610733,
        1.0,
        0.831359221619573,
        0.9224035621294905,
        0.8096370196773877,
        0.8792053983342647,
        0.8404381149918961,
        0.8937637022411633
      ],
      [
        0.9447034420223145,
        0.821127522334566,
        0.8457195933308173,
        0.963194924622523,
        0.831359221619573,
        1.0,
        0.8444584328736388,
        0.9657391697988997,
        0.7162889403896786,
        0.9538015005496188,
        0.7458608429606112
      ],
      [
        0.7188020805388582,
        0.8925327410462358,
        0.93029920977052,
        0.8617865854663229,
        0.9224035621294905,
        0.8444584328736388,
        1.0,
        0.8302500338489338,
        0.8550309030870654,
        0.852376056324294,
        0.8845657681064868
      ],
      [
        0.9625783810950348,
        0.7941810325018384,
        0.8501907923227979,
        0.9463723468224552,
        0.8096370196773877,
        0.9657391697988997,
        0.8302500338489338,
        1.0,
        0.6881536297969327,
        0.95269789442505,
        0.721676368962775
      ],
      [
        0.5162108553617464,
        0.8888175325627204,
        0.8441564738791526,
        0.7627440981055176,
        0.8792053983342647,
        0.7162889403896786,
        0.8550309030870654,
        0.6881536297969327,
        1.0,
        0.7367965911118745,
        0.9226091328846278
      ],
      [
        0.9251171404703922,
        0.8299148767077537,
        0.8697278874477773,
        0.9486594036313329,
        0.8404381149918961,
        0.9538015005496188,
        0.852376056324294,
        0.95269789442505,
        0.7367965911118745,
        1.0,
        0.7795045679677776
      ],
      [
        0.5688471247894941,
        0.8802812825894641,
        0.8690906168500614,
        0.7779323821292903,
        0.8937637022411633,
        0.7458608429606112,
        0.884565768106487,
        0.7216763689627751,
        0.9226091328846278,
        0.7795045679677776,
        1.0
      ]
    ],
    "mean_mutual_info": [
      [
        3.677377517639621,
        0.8946034433574271,
        0.8799128002321317,
        0.9097334257939527,
        0.8812418112047635,
        0.914618518363946,
        0.8718463184349667,
        0.8949132671481601,
        0.8712004246075054,
        0.938702188060065,
        0.871865819396026,
        0.8799289741492692
      ],
      [
        0.8946034433574271,
        3.677377517639621,
        2.9728914111169655,
        2.8732851526097596,
        3.0570656674610306,
        2.8037089628130563,
        2.936375189967294,
        2.842671138978142,
        3.029329360241464,
        2.837436851312485,
        2.9730581481202516,
        2.8644843128777056
      ],
      [
        0.8799128002321317,
        2.972891411116966,
        3.677377517639621,
        3.048729552977089,
        3.158718752023844,
        3.093757417990881,
        3.237917622744034,
        3.1077552769278523,
        3.288529188359362,
        3.056598504315482,
        3.2516279279531006,
        3.0078874436286434
      ],
      [
        0.9097334257939528,
        2.87328515260976,
        3.048729552977088,
        3.677377517639621,
        3.030984001174221,
        2.9135723969073917,
        2.995889815894805,
        2.9427057939381736,
        3.0774704906208363,
        2.9235421469246385,
        3.0206358756104588,
        2.871162422265078
      ],
      [
        0.8812418112047635,
        3.0570656674610306,
        3.158718752023844,
        3.030984001174221,
        3.677377517639621,
        2.996822741439018,
        3.1756170696493142,
        3.072354888415323,
        3.225576583468828,
        3.009071237092981,
        3.1883919758542207,
        2.96137541388192
      ],
      [
        0.914618518363946,
        2.8037089628130563,
        3.093757417990881,
        2.9135723969073926,
        2.996822741439018,
        3.677377517639621,
        3.101996517587819,
        2.992632939012454,
        3.1046234422638093,
        2.9519492358743715,
        3.1033889679707944,
        2.9063380004239745
      ],
      [
        0.8718463184349668,
        2.936375189967294,
        3.237917622744034,
        2.9958898158948055,
        3.175617069649314,
        3.101996517587819,
        3.677377517639621,
        3.148329741397618,
        3.3234505335126374,
        3.0872466742346605,
        3.2900555984477022,
        3.0623350488290613
      ],
      [
        0.8949132671481601,
        2.8426711389781416,
        3.1077552769278527,
        2.9427057939381736,
        3.072354888415323,
        2.992632939012454,
        3.148329741397618,
        3.677377517639621,
        3.1896849630869957,
        2.9928224876640708,
        3.1764560175597354,
        2.9567883391664185
      ],
      [
        0.8712004246075056,
        3.029329360241464,
        3.288529188359362,
        3.0774704906208363,
        3.225576583468828,
        3.1046234422638093,
        3.323450533512637,
        3.1896849630869957,
        3.677377517639621,
        3.1148650418147925,
        3.3380583040754077,
        3.14678392975206
      ],
      [
        0.9387021880600652,
        2.837436851312485,
        3.056598504315482,
        2.9235421469246385,
        3.009071237092981,
        2.9519492358743706,
        3.0872466742346605,
        2.9928224876640708,
        3.1148650418147925,
        3.677377517639621,
        3.198357454618707,
        2.9632757860459207
      ],
      [
        0.8718658193960261,
        2.9730581481202516,
        3.2516279279531006,
        3.0206358756104588,
        3.1883919758542203,
        3.1033889679707944,
        3.2900555984477022,
        3.1764560175597354,
        3.3380583040754077,
        3.198357454618707,
        3.677377517639621,
        3.0986618540826303
      ],
      [
        0.8799289741492693,
        2.8644843128777056,
        3.0078874436286434,
        2.871162422265078,
        2.9613754138819206,
        2.9063380004239745,
        3.0623350488290613,
        2.9567883391664185,
        3.1467839297520594,
        2.9632757860459207,
        3.0986618540826303,
        3.677377517639621
      ]
    ],
    "mean_real_fourier_mutual_info": [
      [
        0.15373315470219534,
        0.10418145878152531,
        0.13349354704463093,
        0.11920698721970309,
        0.11127527301764398,
        0.08657857408288656,
        0.1485218455803377,
        0.08653186309079752,
        0.12114059169244965,
        0.10123636074476446,
        0.10648502117078003
      ],
      [
        0.087143971681013,
        0.5044675875543859,
        0.3501168302433233,
        0.33387924010646275,
        0.3005088658658985,
        0.28950723189124344,
        0.29626905872151366,
        0.3342831072027226,
        0.2940085011962503,
        0.1751578805897693,
        0.3101554557536427
      ],
      [
        0.11016859371647103,
        0.35038411322489205,
        0.6942299155625122,
        0.4054287357195367,
        0.416104428987888,
        0.4217120717096393,
        0.39718021376546386,
        0.40850916606776866,
        0.42248561968033477,
        0.30538418549851565,
        0.37117027843321543
      ],
      [
        0.08183072129191134,
        0.3223499572609482,
        0.41550867694233495,
        0.9250312095066634,
        0.46662603518485907,
        0.4855115110330726,
        0.4740583343017004,
        0.5060204857880669,
        0.47084842048707637,
        0.34951124250460863,
        0.462537030687628
      ],
      [
        0.07770999717925894,
        0.28493783905006853,
        0.40787049096823563,
        0.4618264062423731,
        1.1174401339155875,
        0.530435280258589,
        0.5318223448623717,
        0.4920985786863721,
        0.5444818232163436,
        0.45204428243304884,
        0.5292602080786516
      ],
      [
        0.10251939874219865,
        0.31947746271861716,
        0.38834786977400876,
        0.4942439954798427,
        0.5515455086545316,
        1.1658197225808906,
        0.5844496993906553,
        0.6046445813838563,
        0.5857180705636038,
        0.44975081717961013,
        0.5730096615630674
      ],
      [
        0.10043470559204777,
        0.286944287321112,
        0.40891566878663327,
        0.47780437661917124,
        0.5400181464153161,
        0.5840704754400026,
        1.2300160738486707,
        0.5660394856098088,
        0.5965915797881746,
        0.4926107360295775,
        0.5983364480908712
      ],
      [
        0.09975114163360548,
        0.3425810711435436,
        0.3805330654488109,
        0.49710311744212704,
        0.4809704951297171,
        0.5868914826307577,
        0.5964705307551396,
        1.131497634615946,
        0.5740335808801094,
        0.4428579994546385,
        0.5292894057512594
      ],
      [
        0.14835091898780572,
        0.31058218672902477,
        0.4124518122179559,
        0.46094036029330177,
        0.553077095668759,
        0.5949807998977618,
        0.6229952422632654,
        0.6064469320791749,
        1.277522966426992,
        0.5894809960216862,
        0.6431302818923342
      ],
      [
        0.069899548941566,
        0.17917766270619004,
        0.2899302135445436,
        0.37095385544722154,
        0.43611646686237604,
        0.46486377300685156,
        0.4661954264714108,
        0.4325036633145881,
        0.5704390459083075,
        1.1989279926177323,
        0.5470650175254336
      ],
      [
        0.10003718080697326,
        0.301793412993546,
        0.36711029873037865,
        0.4647059305708137,
        0.5267534397147403,
        0.5623007699256045,
        0.5892978649808596,
        0.5542816436720687,
        0.6549432757767568,
        0.5664059094377542,
        1.2980781096964205
      ]
    ],
    "mean_complex_fourier_mutual_info": [
      [
        0.10031858416699233,
        0.0735906791784724,
        0.08178489762976744,
        0.10686007107214564,
        0.09536056660426434,
        0.11705215950527795,
        0.08594172979378666,
        0.1009201770390407,
        0.05994630220304727,
        0.0882222266488081,
        0.05328074191685442
      ],
      [
        0.09275585887649156,
        0.22667916589610576,
        0.13421624309970198,
        0.16962914630948703,
        0.14244968658137633,
        0.13109310280362918,
        0.138103496868424,
        0.119571099523112,
        0.13825392886062945,
        0.1250929424114962,
        0.14933065811692528
      ],
      [
        0.09427469685784615,
        0.14681945135229102,
        0.537904598022909,
        0.24722846513160562,
        0.2673315988072737,
        0.21603183164240256,
        0.23392544960977105,
        0.2282567990186304,
        0.21188277133942804,
        0.2232253313217492,
        0.20086418082548144
      ],
      [
        0.11724096760120674,
        0.14530189885629974,
        0.2168537106045955,
        0.8025613011081836,
        0.32079201893001125,
        0.33646249462038974,
        0.33655172206698114,
        0.3593126813969365,
        0.3077699633650543,
        0.3335314630821047,
        0.29777207707194464
      ],
      [
        0.05371013005864867,
        0.13713135695941986,
        0.25865985784981843,
        0.34025377939177176,
        1.0682903921229892,
        0.40558241584778537,
        0.4253892822495212,
        0.39254399818243274,
        0.3916022669240274,
        0.3910145830957421,
        0.364939174082916
      ],
      [
        0.10592271511311793,
        0.13506667351028265,
        0.22153321385807043,
        0.33135244858177226,
        0.3868983988066255,
        1.2190503385257923,
        0.44552190267183656,
        0.5107020423349483,
        0.4633046202082029,
        0.4739960565586398,
        0.3838058746092804
      ],
      [
        0.08132184525141209,
        0.12213879462552633,
        0.2496610539525183,
        0.3637802660098107,
        0.435952087169469,
        0.46659257538536636,
        1.335868633986945,
        0.4846049773526556,
        0.4828357740184368,
        0.46126911853360353,
        0.47621434815287117
      ],
      [
        0.11579453769402942,
        0.13779291474492722,
        0.2357509371556257,
        0.3551966228523065,
        0.41365469700741725,
        0.5072946692847182,
        0.4672096980288049,
        1.2962799475411158,
        0.4663201308822718,
        0.5100422618317358,
        0.419658984953324
      ],
      [
        0.060562498724595376,
        0.1285442375207966,
        0.23521593288687534,
        0.3085450612830094,
        0.4044034762966654,
        0.4608503839682524,
        0.4819763979447751,
        0.47806805227305044,
        1.4599935223261193,
        0.5250142222758325,
        0.5273329455366167
      ],
      [
        0.11498129945553677,
        0.11061684742600272,
        0.20737507423940454,
        0.34752843965050983,
        0.39619908113738306,
        0.48631647159334057,
        0.4785536646752926,
        0.49909084288031685,
        0.5167885986930659,
        1.464286485976226,
        0.505220286241516
      ],
      [
        0.06630305243186731,
        0.14990315409687383,
        0.20925737757582105,
        0.3081644360357322,
        0.3862853570005275,
        0.4168549366583425,
        0.4735076210175726,
        0.4077508216880179,
        0.5265971178722176,
        0.5081715334070489,
        1.566212446259329
      ]
    ],
    "mean_cross_correlations": [
      [
        3440.39404296875,
        110.35218388483686,
        86.21956633140742,
        91.44757911623284,
        87.89876952709832,
        90.97783345303809,
        87.81132828922074,
        91.64927187843965,
        88.34973038427215,
        91.2282959004757,
        82.25091966827235,
        28.045569661966756
      ],
      [
        110.35218388483686,
        48.508828848884896,
        37.43903925647881,
        39.79897976366909,
        38.259859732745646,
        39.689973019572406,
        38.26740637073376,
        39.69046287090559,
        38.381746109224196,
        40.010578641508246,
        36.20175944277365,
        5.452728095855179
      ],
      [
        86.21956633140742,
        37.43903925647881,
        33.44992969373397,
        33.395441442252334,
        31.381691418489023,
        32.31413182333777,
        31.094526689208646,
        32.492171159996474,
        32.05091079019263,
        32.275994679691784,
        25.877813885050237,
        8.735546233953555
      ],
      [
        91.44757911623284,
        39.79897976366909,
        33.395441442252334,
        35.22030122955025,
        33.285286724032105,
        34.09640283293662,
        32.7382268490127,
        33.96821861031262,
        33.2249618322852,
        33.95315489113987,
        28.134195692120453,
        8.475774089179604
      ],
      [
        87.89876952709832,
        38.259859732745646,
        31.381691418489023,
        33.285286724032105,
        33.86624408360208,
        33.79145574721418,
        31.65755710550335,
        32.78465980841342,
        31.680006974385424,
        32.43837489125597,
        27.140841503540074,
        6.338737116602864
      ],
      [
        90.97783345303809,
        39.689973019572406,
        32.31413182333777,
        34.09640283293662,
        33.79145574721418,
        35.28944231876432,
        33.55855864686015,
        34.26207085316921,
        33.04446719750704,
        33.72484308380579,
        28.255924999022167,
        6.672516847328635
      ],
      [
        87.81132828922074,
        38.26740637073376,
        31.094526689208646,
        32.7382268490127,
        31.65755710550335,
        33.55855864686015,
        33.86622677372464,
        33.9369212615759,
        32.13476843165543,
        32.70872613002266,
        27.242725407490003,
        5.968805630186715
      ],
      [
        91.64927187843965,
        39.69046287090559,
        32.492171159996474,
        33.96821861031262,
        32.78465980841342,
        34.26207085316921,
        33.9369212615759,
        35.371780464233645,
        33.939902830650915,
        34.053080200791854,
        27.907023074306824,
        7.766798555782002
      ],
      [
        88.34973038427215,
        38.381746109224196,
        32.05091079019263,
        33.2249618322852,
        31.680006974385424,
        33.04446719750704,
        32.13476843165543,
        33.939902830650915,
        34.13301852791107,
        33.64582378963268,
        26.312178328566848,
        9.610964872810484
      ],
      [
        91.2282959004757,
        40.010578641508246,
        32.275994679691784,
        33.95315489113987,
        32.43837489125597,
        33.72484308380579,
        32.70872613002266,
        34.053080200791854,
        33.64582378963268,
        34.596280646458716,
        28.75818433156512,
        7.101835222037595
      ],
      [
        82.25091966827235,
        36.20175944277365,
        25.877813885050237,
        28.134195692120453,
        27.140841503540074,
        28.255924999022167,
        27.242725407490003,
        27.907023074306824,
        26.312178328566848,
        28.75818433156512,
        31.29798222210873,
        0.6222602117384648
      ],
      [
        28.045569661966756,
        5.452728095855179,
        8.735546233953555,
        8.475774089179604,
        6.338737116602864,
        6.672516847328635,
        5.968805630186715,
        7.766798555782002,
        9.610964872810484,
        7.101835222037595,
        0.6222602117384648,
        50.177004968773225
      ]
    ],
    "mean_real_fourier_cross_correlations": [
      [
        0.46800743904217745,
        0.36394146462920723,
        0.3862633834402141,
        0.3708341860580495,
        0.3846208670750636,
        0.37088902294424747,
        0.38583208557116416,
        0.3728843161769747,
        0.3861776334651204,
        0.3473738425803347,
        0.3378325501283974
      ],
      [
        0.36394146462920723,
        0.327563806819904,
        0.32601558028899513,
        0.3061200800720839,
        0.314904721967655,
