{
  "(11, 3)": {
    "mean_losses": 0.03773552551865578,
    "mean_pearson_correlations": [
      [
        0.9999999999999996,
        0.013940269814569759,
        0.0036650060243716156,
        -0.009933544018091291,
        0.0221024922651319,
        -0.02794385219078772,
        0.02207126869222542,
        0.01558799899333432,
        -0.01083524675640752,
        0.0013077939510999297,
        -0.020563179750009753,
        -0.15289154442003233
      ],
      [
        0.013940269814569764,
        1.0,
        -0.0938549299704237,
        0.047776991989607186,
        -0.013954973116377768,
        -0.04030695223816437,
        0.1979218723030834,
        -0.022447157990148264,
        -0.03654093195592492,
        0.050007372817370055,
        0.05378303669355214,
        -0.10746468669775507
      ],
      [
        0.0036650060243717543,
        -0.09385492997042409,
        0.9999999999997817,
        0.012132610941669543,
        -0.1524645984828059,
        0.035058173646715284,
        -0.10988206318745136,
        0.13496653720050106,
        0.08420156875835462,
        -0.08449209551349224,
        -0.020132917709004557,
        0.019432958623254035
      ],
      [
        -0.009933544018091293,
        0.047776991989607186,
        0.012132610941669543,
        1.0,
        -0.09577553381426601,
        0.16232601711727443,
        0.010197487874563878,
        0.02955965834473492,
        -0.026686218502579146,
        0.08434566656667648,
        0.037172928264878904,
        0.08110712782774118
      ],
      [
        0.022102492265131897,
        -0.013954973116377773,
        -0.15246459848281163,
        -0.09577553381426597,
        1.0,
        -0.10207591596055864,
        0.025912612648449674,
        -0.02535433094109667,
        -0.05387472373111292,
        -0.09717460910254636,
        0.012762688599908811,
        -0.12927206477605316
      ],
      [
        -0.02794385219078772,
        -0.04030695223816437,
        0.035058173646715124,
        0.16232601711727443,
        -0.10207591596055864,
        1.0,
        -0.22663129543499486,
        -0.022123506064754377,
        0.05459409914312815,
        0.1278416879331125,
        0.14711734905578808,
        0.1610701070966668
      ],
      [
        0.022071268692225424,
        0.1979218723030834,
        -0.1098820631874514,
        0.010197487874563878,
        0.025912612648449587,
        -0.22663129543499486,
        0.9999999999999997,
        0.07440608147647847,
        -0.05189634423440795,
        -0.07986713842495397,
        0.06700193537803671,
        -0.06561551106714567
      ],
      [
        0.015587998993334327,
        -0.022447157990148275,
        0.13496653720050472,
        0.02955965834473491,
        -0.02535433094109667,
        -0.022123506064754404,
        0.07440608147647848,
        1.0,
        -0.04358924556124579,
        -0.010282623859843664,
        0.005756683938071649,
        -0.05649162754814958
      ],
      [
        -0.010835246756407527,
        -0.03654093195592492,
        0.08420156875835548,
        -0.026686218502579146,
        -0.05387472373111293,
        0.05459409914312813,
        -0.051896344234407865,
        -0.04358924556124579,
        0.9999999999999994,
        0.008377661451491583,
        -0.05014716249730025,
        -0.003263989442226141
      ],
      [
        0.0013077939510999258,
        0.05000737281737006,
        -0.08449209551349231,
        0.08434566656667648,
        -0.09717460910254638,
        0.12784168793311254,
        -0.07986713842495394,
        -0.010282623859843633,
        0.00837766145149158,
        0.9999999999999999,
        0.033691003956036907,
        -0.01938564126712018
      ],
      [
        -0.020563179750009764,
        0.05378303669355214,
        -0.020132917709003557,
        0.03717292826487889,
        0.012762688599909025,
        0.1471173490557881,
        0.06700193537803656,
        0.005756683938071632,
        -0.050147162497300425,
        0.03369100395603696,
        0.9999999999999994,
        0.0890719049128602
      ],
      [
        -0.15289154442003233,
        -0.10746468669775502,
        0.01943295862325281,
        0.08110712782774117,
        -0.1292720647760531,
        0.16107010709666686,
        -0.06561551106714571,
        -0.05649162754814957,
        -0.0032639894422260584,
        -0.01938564126712019,
        0.08907190491286021,
        1.0
      ]
    ],
    "mean_real_fourier_pearson_correlations": [
      [
        1.0,
        0.003990713173989658,
        0.04725100519861064,
        0.0011582968464859866,
        0.009559861097921264,
        0.06910120533657177,
        -0.026762377522709296,
        0.06813030782069447,
        0.11440331627998937,
        0.041211767085863826,
        -0.16760915002244595
      ],
      [
        0.003990713173989673,
        0.9999999999999999,
        0.0096345791578022,
        0.0017035852479474034,
        -0.008558822345372813,
        0.12190760626495034,
        0.08298834037977938,
        -0.028607255520972538,
        0.1341886141472278,
        0.07672856201081518,
        0.018913822544765785
      ],
      [
        0.04725100519861065,
        0.009634579157802197,
        1.0,
        0.06067716422341486,
        -0.013440234483795353,
        0.19582223264909374,
        0.06441975808860788,
        0.04338524033724369,
        0.07051182678231767,
        -0.09162597725276632,
        0.062089177481681634
      ],
      [
        0.0011582968464859621,
        0.0017035852479474435,
        0.06067716422341486,
        1.0,
        0.0819515573157827,
        -0.019685326769294877,
        0.002409738294735386,
        -0.06478435279722868,
        -0.07484516628107529,
        0.011855738722364227,
        -0.10130333073425528
      ],
      [
        0.009559861097921252,
        -0.008558822345372842,
        -0.013440234483795346,
        0.08195155731578266,
        1.0,
        0.009005912169352655,
        -0.011959745214845774,
        -0.012767981005549146,
        0.12108794843296142,
        0.0496665011716923,
        -0.08151423422961558
      ],
      [
        0.06910120533657176,
        0.12190760626495033,
        0.1958222326490937,
        -0.019685326769294863,
        0.009005912169352662,
        1.0,
        0.08358802887718156,
        -0.06395837285735086,
        0.04285961612865169,
        -0.12796699669723627,
        0.023488205045693024
      ],
      [
        -0.026762377522709265,
        0.08298834037977938,
        0.06441975808860784,
        0.002409738294735395,
        -0.011959745214845783,
        0.08358802887718156,
        1.0,
        0.025480228525407607,
        0.013456182330016175,
        -0.07595194033097345,
        -0.2118273341241514
      ],
      [
        0.06813030782069443,
        -0.028607255520972506,
        0.04338524033724369,
        -0.06478435279722865,
        -0.012767981005549132,
        -0.06395837285735086,
        0.025480228525407603,
        1.0,
        0.03283545033660343,
        -0.033789372571659156,
        0.03343537156959723
      ],
      [
        0.11440331627998937,
        0.1341886141472278,
        0.07051182678231768,
        -0.07484516628107526,
        0.12108794843296142,
        0.04285961612865166,
        0.013456182330016163,
        0.03283545033660345,
        1.0,
        0.024271020872897352,
        -0.023258455281515468
      ],
      [
        0.041211767085863826,
        0.07672856201081518,
        -0.09162597725276629,
        0.011855738722364251,
        0.049666501171692266,
        -0.12796699669723624,
        -0.07595194033097341,
        -0.033789372571659156,
        0.024271020872897342,
        1.0,
        0.057158498669089154
      ],
      [
        -0.16760915002244592,
        0.018913822544765754,
        0.062089177481681614,
        -0.10130333073425525,
        -0.08151423422961557,
        0.023488205045692993,
        -0.2118273341241514,
        0.03343537156959722,
        -0.023258455281515447,
        0.05715849866908915,
        1.0
      ]
    ],
    "mean_imag_fourier_pearson_correlations": [
      [
        1.0,
        0.017863786120828846,
        -0.07602787693192495,
        0.06443828629358647,
        -0.05321905790753965,
        0.14977329148899812,
        0.17953453154876572,
        -0.16785542666372738,
        0.04738586722458058,
        0.13629057397239527,
        -0.014045912926720482
      ],
      [
        0.017863786120828846,
        1.0,
        0.10409930216036561,
        -0.14060903348204237,
        -0.03668061514135246,
        -0.11930110598009311,
        0.1465299667664043,
        0.06030238812053567,
        0.019242620653863198,
        -0.20097568575275518,
        0.11361889677307324
      ],
      [
        -0.07602787693192495,
        0.10409930216036561,
        1.0,
        -0.25843598951781915,
        0.20557716669626777,
        -0.2096951122114051,
        -0.0036776225343948753,
        0.11018600855118614,
        0.0004326063982707384,
        -0.07713989103786462,
        0.2140761860709952
      ],
      [
        0.06443828629358647,
        -0.14060903348204237,
        -0.25843598951781915,
        1.0,
        -0.2342746844712842,
        0.11745818444324924,
        -0.05853577954295791,
        0.0027040954194956337,
        -0.03605208855997939,
        0.017726897875375302,
        0.10855999218970012
      ],
      [
        -0.05321905790753965,
        -0.03668061514135246,
        0.20557716669626777,
        -0.2342746844712842,
        1.0,
        -0.3246870426242199,
        -0.03904472408494898,
        0.031275114140230535,
        0.12545504396729285,
        0.19585184400655056,
        -0.08503994345633613
      ],
      [
        0.14977329148899812,
        -0.11930110598009311,
        -0.2096951122114051,
        0.11745818444324924,
        -0.3246870426242198,
        1.0,
        0.025880479764556586,
        -0.013308464033380126,
        -0.194868109283131,
        0.15456314721951736,
        0.09701564797222698
      ],
      [
        0.17953453154876572,
        0.1465299667664043,
        -0.003677622534394871,
        -0.058535779542957925,
        -0.03904472408494898,
        0.025880479764556583,
        1.0,
        -0.08479150913196466,
        -0.0856930057723951,
        0.07019931462038198,
        -0.0033182583871892123
      ],
      [
        -0.16785542666372738,
        0.06030238812053566,
        0.11018600855118614,
        0.0027040954194956337,
        0.031275114140230535,
        -0.013308464033380126,
        -0.08479150913196466,
        1.0,
        0.019802321898331348,
        -0.168935242285928,
        0.12182997534143192
      ],
      [
        0.04738586722458058,
        0.019242620653863198,
        0.0004326063982707362,
        -0.03605208855997939,
        0.12545504396729285,
        -0.194868109283131,
        -0.0856930057723951,
        0.019802321898331348,
        1.0,
        0.04335304523425435,
        0.03684515296807686
      ],
      [
        0.13629057397239527,
        -0.20097568575275518,
        -0.07713989103786462,
        0.017726897875375302,
        0.19585184400655048,
        0.15456314721951736,
        0.07019931462038198,
        -0.168935242285928,
        0.04335304523425432,
        1.0,
        -0.039870807049619594
      ],
      [
        -0.014045912926720501,
        0.11361889677307324,
        0.2140761860709952,
        0.10855999218970014,
        -0.08503994345633614,
        0.09701564797222698,
        -0.0033182583871891945,
        0.12182997534143192,
        0.03684515296807686,
        -0.03987080704961959,
        1.0
      ]
    ],
    "mean_distance_correlations": [
      [
        1.0,
        0.3617221714710847,
        0.3309392549043273,
        0.3503893001763717,
        0.34322606177614395,
        0.3500408633762549,
        0.34133783412825364,
        0.34622161753398456,
        0.34228984863723755,
        0.343721875660975,
        0.3499370938962395,
        0.3613310293974575
      ],
      [
        0.3617221714710847,
        1.0,
        0.6275559798454342,
        0.6654962299696635,
        0.5954846032772645,
        0.6353992639339404,
        0.6492397287434764,
        0.6373370822110664,
        0.6060826048542198,
        0.6546987237386331,
        0.6827367092817721,
        0.7354300131898617
      ],
      [
        0.3309392549043273,
        0.6275559798454342,
        1.0,
        0.599135756457057,
        0.5933792790524279,
        0.5867505545147429,
        0.6058556835513694,
        0.6018711523212045,
        0.5772914901915527,
        0.6200318582975702,
        0.6085528592259076,
        0.5982044925719637
      ],
      [
        0.3503893001763717,
        0.6654962299696635,
        0.599135756457057,
        1.0,
        0.6074778274700141,
        0.6453299884500312,
        0.6364598940468325,
        0.6520723788065033,
        0.6799685138788929,
        0.6451651503290371,
        0.6376360499674303,
        0.6429708427502588
      ],
      [
        0.34322606177614395,
        0.5954846032772645,
        0.5933792790524279,
        0.6074778274700141,
        1.0,
        0.6093649461993365,
        0.6297384131328826,
        0.5944279055010578,
        0.6443508005981178,
        0.6222587094601882,
        0.6427452862176815,
        0.6459839204076744
      ],
      [
        0.3500408633762549,
        0.6353992639339404,
        0.5867505545147429,
        0.6453299884500312,
        0.6093649461993365,
        1.0,
        0.6087312010032553,
        0.6724418008610918,
        0.6337594344113181,
        0.6292523050737021,
        0.6505027662730463,
        0.6774562119387467
      ],
      [
        0.34133783412825364,
        0.6492397287434764,
        0.6058556835513694,
        0.6364598940468325,
        0.6297384131328826,
        0.6087312010032553,
        1.0,
        0.600207142559147,
        0.6194792384018597,
        0.6059881894651739,
        0.6251133529354859,
        0.6530279876402396
      ],
      [
        0.34622161753398456,
        0.6373370822110664,
        0.6018711523212045,
        0.6520723788065033,
        0.5944279055010578,
        0.6724418008610918,
        0.600207142559147,
        1.0,
        0.583000809438301,
        0.645374884208542,
        0.6109878047068797,
        0.6555347502667034
      ],
      [
        0.34228984863723755,
        0.6060826048542198,
        0.5772914901915527,
        0.6799685138788929,
        0.6443508005981178,
        0.6337594344113181,
        0.6194792384018597,
        0.583000809438301,
        1.0,
        0.5802708056271964,
        0.6415940683057509,
        0.6293490523979137
      ],
      [
        0.343721875660975,
        0.6546987237386331,
        0.6200318582975702,
        0.6451651503290371,
        0.6222587094601882,
        0.6292523050737021,
        0.6059881894651739,
        0.645374884208542,
        0.5802708056271964,
        1.0,
        0.6366140311911526,
        0.6304138675406809
      ],
      [
        0.3499370938962395,
        0.6827367092817721,
        0.6085528592259076,
        0.6376360499674303,
        0.6427452862176815,
        0.6505027662730463,
        0.6251133529354859,
        0.6109878047068797,
        0.6415940683057509,
        0.6366140311911526,
        1.0,
        0.7753386566935647
      ],
      [
        0.3613310293974575,
        0.7354300131898617,
        0.5982044925719637,
        0.6429708427502588,
        0.6459839204076744,
        0.6774562119387467,
        0.6530279876402396,
        0.6555347502667034,
        0.6293490523979137,
        0.6304138675406809,
        0.7753386566935647,
        1.0
      ]
    ],
    "mean_real_fourier_distance_correlations": [
      [
        1.0,
        0.5994588927042905,
        0.8108978132728588,
        0.7121504743296136,
        0.7286640210642408,
        0.680496403732608,
        0.7317091751947976,
        0.6903143576184826,
        0.7113381144885927,
        0.7319822077522137,
        0.6761446542424194
      ],
      [
        0.5994588927042905,
        1.0,
        0.7883292008689903,
        0.8138080524186978,
        0.7812601685739802,
        0.799688386999973,
        0.7794592223678302,
        0.8033130099039382,
        0.7757168268606753,
        0.7775232410768816,
        0.7691830029240075
      ],
      [
        0.8108978132728588,
        0.7883292008689903,
        1.0,
        0.8744109184091332,
        0.8870717146112969,
        0.8534555003906175,
        0.8822484965583435,
        0.8629096971729932,
        0.8816001592719571,
        0.8703326678636834,
        0.8589985993232452
      ],
      [
        0.7121504743296136,
        0.8138080524186978,
        0.8744109184091332,
        1.0,
        0.8472471963651167,
        0.8798373764122327,
        0.8492908072257589,
        0.860064113676638,
        0.8521419314562005,
        0.8477466395944575,
        0.8350347429381957
      ],
      [
        0.7286640210642408,
        0.7812601685739802,
        0.8870717146112969,
        0.8472471963651167,
        1.0,
        0.8522931375594699,
        0.8779337386874703,
        0.8516403459108591,
        0.8777577483948013,
        0.8520652230894596,
        0.8667009642817441
      ],
      [
        0.680496403732608,
        0.799688386999973,
        0.8534555003906175,
        0.8798373764122327,
        0.8522931375594699,
        1.0,
        0.8449049794943626,
        0.8937574803977394,
        0.8433505632231844,
        0.8554780790207785,
        0.848831099096843
      ],
      [
        0.7317091751947976,
        0.7794592223678302,
        0.8822484965583435,
        0.8492908072257589,
        0.8779337386874703,
        0.8449049794943626,
        1.0,
        0.8428879343532606,
        0.8850428894054247,
        0.8387937641031838,
        0.8573309775413926
      ],
      [
        0.6903143576184826,
        0.8033130099039382,
        0.8629096971729932,
        0.860064113676638,
        0.8516403459108591,
        0.8937574803977394,
        0.8428879343532606,
        1.0,
        0.8638611096729214,
        0.8678291501710178,
        0.8773213862521125
      ],
      [
        0.7113381144885927,
        0.7757168268606753,
        0.8816001592719571,
        0.8521419314562005,
        0.8777577483948013,
        0.8433505632231844,
        0.8850428894054247,
        0.8638611096729214,
        1.0,
        0.8449434501728212,
        0.8780889770052908
      ],
      [
        0.7319822077522137,
        0.7775232410768816,
        0.8703326678636834,
        0.8477466395944575,
        0.8520652230894596,
        0.8554780790207785,
        0.8387937641031838,
        0.8678291501710178,
        0.8449434501728212,
        1.0,
        0.8650617091570658
      ],
      [
        0.6761446542424194,
        0.7691830029240075,
        0.8589985993232451,
        0.8350347429381958,
        0.866700964281744,
        0.8488310990968428,
        0.8573309775413926,
        0.8773213862521125,
        0.8780889770052908,
        0.8650617091570656,
        1.0
      ]
    ],
    "mean_imag_fourier_distance_correlations": [
      [
        1.0,
        0.7467916782309652,
        0.8316151108088584,
        0.7535877997801427,
        0.7971393280951027,
        0.7344512206240305,
        0.7484752983845817,
        0.7272449301307747,
        0.7551891663062616,
        0.795448615930061,
        0.7289628352717885
      ],
      [
        0.7467916782309652,
        1.0,
        0.8596371244264622,
        0.8191762668129664,
        0.8332530876763226,
        0.8058681047704525,
        0.8061389987216435,
        0.7847926050874833,
        0.7918920482235194,
        0.8122574326407574,
        0.7750644176939067
      ],
      [
        0.8316151108088584,
        0.8596371244264622,
        1.0,
        0.8776871898642526,
        0.9031503526237897,
        0.8753167869254758,
        0.8772147048574382,
        0.8485629027414069,
        0.8629678046878605,
        0.8561489829167082,
        0.8543283341538384
      ],
      [
        0.7535877997801427,
        0.8191762668129664,
        0.8776871898642526,
        1.0,
        0.8780271245741177,
        0.8850542634012132,
        0.8656525819658047,
        0.841860107893628,
        0.8435880326039592,
        0.8536591510932269,
        0.8203416801225499
      ],
      [
        0.7971393280951027,
        0.8332530876763226,
        0.9031503526237897,
        0.8780271245741177,
        1.0,
        0.8829305951617394,
        0.8886020626140656,
        0.8802390531850093,
        0.8808289520548924,
        0.8710751300224077,
        0.8615687495777133
      ],
      [
        0.7344512206240305,
        0.8058681047704525,
        0.8753167869254758,
        0.8850542634012132,
        0.8829305951617394,
        1.0,
        0.876703726370022,
        0.8766405891760823,
        0.855182092540713,
        0.8714511468050419,
        0.8516742379238361
      ],
      [
        0.7484752983845817,
        0.8061389987216435,
        0.8772147048574382,
        0.8656525819658047,
        0.8886020626140656,
        0.876703726370022,
        1.0,
        0.8571467117413438,
        0.8811610019640801,
        0.8678491833828105,
        0.8676930977668623
      ],
      [
        0.7272449301307747,
        0.7847926050874833,
        0.8485629027414069,
        0.841860107893628,
        0.8802390531850093,
        0.8766405891760823,
        0.8571467117413438,
        1.0,
        0.8575840866300177,
        0.862551884648045,
        0.8624732462993059
      ],
      [
        0.7551891663062616,
        0.7918920482235194,
        0.8629678046878605,
        0.8435880326039592,
        0.8808289520548924,
        0.855182092540713,
        0.8811610019640801,
        0.8575840866300177,
        1.0,
        0.8730816393908275,
        0.87917861129382
      ],
      [
        0.795448615930061,
        0.8122574326407574,
        0.8561489829167082,
        0.8536591510932269,
        0.8710751300224077,
        0.8714511468050419,
        0.8678491833828105,
        0.862551884648045,
        0.8730816393908275,
        1.0,
        0.8497102974095918
      ],
      [
        0.7289628352717885,
        0.7750644176939067,
        0.8543283341538384,
        0.8203416801225499,
        0.8615687495777135,
        0.8516742379238361,
        0.8676930977668623,
        0.8624732462993059,
        0.8791786112938199,
        0.8497102974095918,
        1.0
      ]
    ],
    "mean_mutual_info": [
      [
        3.677377517639621,
        0.9017470898852358,
        0.7968258266079544,
        0.9181432090003971,
        0.85157353097274,
        0.9440806830126088,
        0.8235048151375625,
        0.8945328904364616,
        0.9100396670990133,
        0.8496785340653777,
        0.9519188190055421,
        1.0875325802722595
      ],
      [
        0.9017470898852358,
        3.677377517639621,
        1.85928776178028,
        1.9627332205747643,
        1.861522989674785,
        1.9254602219853416,
        1.8365736239115187,
        1.8942296483495826,
        1.7927805798378702,
        1.8825450062957239,
        1.955887611886364,
        2.1989029748634907
      ],
      [
        0.7968258266079544,
        1.85928776178028,
        3.677377517639621,
        1.7537801726748126,
        1.7214521907175313,
        1.6869788117250841,
        1.66779976104253,
        1.66946771999804,
        1.6282382454336592,
        1.6885308067634943,
        1.6944487928186438,
        1.8632451611805727
      ],
      [
        0.9181432090003975,
        1.962733220574764,
        1.7537801726748126,
        3.677377517639621,
        1.7922039236466978,
        1.7996088890579467,
        1.763955278850723,
        1.783321136030597,
        1.7658205386924661,
        1.7731156795390626,
        1.8034153670174258,
        1.999688572638845
      ],
      [
        0.85157353097274,
        1.861522989674785,
        1.7214521907175313,
        1.7922039236466978,
        3.677377517639621,
        1.7474557504991914,
        1.7368806935016436,
        1.7018994705866637,
        1.702549536593192,
        1.7300551484158604,
        1.730514598885421,
        1.9357710924240141
      ],
      [
        0.9440806830126088,
        1.9254602219853416,
        1.6869788117250841,
        1.799608889057947,
        1.7474557504991914,
        3.677377517639621,
        1.7131410227284285,
        1.8016497545651426,
        1.7144900254055133,
        1.7739737242617317,
        1.777896686819182,
        1.9861694414887472
      ],
      [
        0.8235048151375627,
        1.8365736239115187,
        1.66779976104253,
        1.763955278850723,
        1.7368806935016436,
        1.713141022728429,
        3.677377517639621,
        1.736680969362223,
        1.6866433354322334,
        1.6661656232204194,
        1.69744417623402,
        1.8815864188338702
      ],
      [
        0.8945328904364616,
        1.8942296483495826,
        1.66946771999804,
        1.7833211360305967,
        1.7018994705866637,
        1.801649754565143,
        1.736680969362223,
        3.677377517639621,
        1.690474291321035,
        1.7563006807538357,
        1.7354099757592902,
        1.904142878730304
      ],
      [
        0.9100396670990133,
        1.7927805798378702,
        1.6282382454336592,
        1.7658205386924661,
        1.702549536593192,
        1.7144900254055133,
        1.6866433354322334,
        1.690474291321035,
        3.677377517639621,
        1.6846787023637875,
        1.7262467521560405,
        1.8581346445090727
      ],
      [
        0.8496785340653777,
        1.8825450062957239,
        1.6885308067634945,
        1.7731156795390626,
        1.7300551484158604,
        1.7739737242617322,
        1.6661656232204194,
        1.7563006807538357,
        1.6846787023637875,
        3.677377517639621,
        1.7584708817593364,
        1.9249633023970736
      ],
      [
        0.9519188190055418,
        1.9558876118863642,
        1.6944487928186438,
        1.803415367017426,
        1.7305145988854207,
        1.777896686819182,
        1.69744417623402,
        1.7354099757592902,
        1.7262467521560405,
        1.7584708817593364,
        3.677377517639621,
        2.1631484463001387
      ],
      [
        1.0875325802722593,
        2.1989029748634907,
        1.863245161180573,
        1.9996885726388454,
        1.9357710924240141,
        1.9861694414887472,
        1.8815864188338702,
        1.904142878730304,
        1.8581346445090725,
        1.9249633023970738,
        2.1631484463001387,
        3.677377517639621
      ]
    ],
    "mean_real_fourier_mutual_info": [
      [
        0.12471420300013877,
        0.1078110371863139,
        0.10167419624374531,
        0.09119709486870066,
        0.08492658731999761,
        0.08948252416330728,
        0.08413542072863198,
        0.08075729943144826,
        0.06521134070935056,
        0.06876310870317962,
        0.04229388831556024
      ],
      [
        0.09266155864464153,
        0.45041026384790256,
        0.20418046625266922,
        0.1824027822964138,
        0.16685946911378174,
        0.17282867639756208,
        0.18951034799884894,
        0.1699624520277994,
        0.1603828959138557,
        0.16724574062643513,
        0.16795917973781768
      ],
      [
        0.08901791675243716,
        0.19163539315452227,
        0.7337803888987001,
        0.30962806705719176,
        0.2642039027814131,
        0.24337494121273448,
        0.24368448892663874,
        0.26053137477949545,
        0.2590916885995395,
        0.26644472806502906,
        0.2555181215781618
      ],
      [
        0.09120534887164719,
        0.16537784955719542,
        0.28989208132441263,
        0.9693247783716606,
        0.3180278990138569,
        0.33222418070405707,
        0.27845993812811615,
        0.3266171329407731,
        0.30716627180459555,
        0.2856782858278877,
        0.28792263928431566
      ],
      [
        0.09383152792871964,
        0.15284070803719219,
        0.24662348467788575,
        0.34466879779761284,
        1.1855971092154203,
        0.35458230818602376,
        0.4077754674273916,
        0.39226537804014605,
        0.3977752207086575,
        0.358520613565837,
        0.3798640797995068
      ],
      [
        0.06617274937619945,
        0.18404275005303344,
        0.2653809422145338,
        0.33857884984444053,
        0.36679205875291715,
        1.3965215921399037,
        0.447041452777079,
        0.5211116833229841,
        0.43275861630793117,
        0.4367140399733282,
        0.39960967987571294
      ],
      [
        0.07551673753376566,
        0.19580978727727982,
        0.2559927520920447,
        0.2899536137646489,
        0.40304058159476136,
        0.45578748452311074,
        1.5847827410439095,
        0.5409002461328868,
        0.5850715961639229,
        0.4716020481516945,
        0.4216311608354955
      ],
      [
        0.06273670137093423,
        0.17140616762388128,
        0.2481330912604689,
        0.32395397070618226,
        0.3784626569517108,
        0.5333701867243446,
        0.5464399286725695,
        1.7698190222230474,
        0.5962303292641642,
        0.5589758527588031,
        0.518058516348101
      ],
      [
        0.06447035286121987,
        0.16141720713149296,
        0.26980113259469785,
        0.3070747442844966,
        0.39892374678575493,
        0.4285953510018086,
        0.5845636596559863,
        0.5965477895816244,
        1.8424221968262222,
        0.53854832611489,
        0.5422630749433054
      ],
      [
        0.06754339274662154,
        0.16702086536164396,
        0.26997800959831064,
        0.28393531187062804,
        0.36031199678579157,
        0.4344736771615368,
        0.47499887354851994,
        0.5581504559334063,
        0.5385483261148899,
        1.8145650539690792,
        0.6046574079760727
      ],
      [
        0.04324626926794121,
        0.16905909040915695,
        0.25627735705168303,
        0.2873111502442552,
        0.3766977910617896,
        0.4011969814630146,
        0.42525020845454314,
        0.5177410560306406,
        0.5422630749433053,
        0.6046574079760727,
        1.8226602920643171
      ]
    ],
    "mean_complex_fourier_mutual_info": [
      [
        0.12409384860147833,
        0.09704805192023253,
        0.08412365929482275,
        0.06080271178933295,
        0.06918054981776818,
        0.08541097356621491,
        0.0747126588131677,
        0.06442674471334389,
        0.055731346306976785,
        0.07449110521401563,
        0.06630996960187599
      ],
      [
        0.0795323077130908,
        0.22739538225628494,
        0.15913975003161226,
        0.12319964380059488,
        0.12956064044642115,
        0.13255088821198965,
        0.09746380848172102,
        0.11582931018888566,
        0.1286955863848831,
        0.11234633759036679,
        0.11625942188104949
      ],
      [
        0.08933399930127074,
        0.11547588386354446,
        0.5687008982834949,
        0.2115160964684409,
        0.2116976456922281,
        0.18650104657247546,
        0.20392965837216195,
        0.18239885123067373,
        0.21058720239823764,
        0.1779989233455623,
        0.19999947959799827
      ],
      [
        0.08230567015175623,
        0.15453595107940557,
        0.21160440300113037,
        0.8770489034529286,
        0.26386787205783263,
        0.26398553251505513,
        0.26871268787644315,
        0.2619152041710647,
        0.25443490633893123,
        0.2533891302155348,
        0.2344892124109288
      ],
      [
        0.098479103382244,
        0.14250170173168863,
        0.19394718362133254,
        0.2833467423938458,
        1.097796655700681,
        0.35199608034437785,
        0.3463057075609046,
        0.3410888152913808,
        0.32174695367043904,
        0.3096024135004674,
        0.2880697423164252
      ],
      [
        0.08665132363418543,
        0.11455333904305613,
        0.1939518623709251,
        0.2952857590915975,
        0.36142729727559475,
        1.365854169615338,
        0.41549701819140145,
        0.44483483366765136,
        0.38792692698884673,
        0.3757919979998709,
        0.33910304060281965
      ],
      [
        0.09079783358564895,
        0.10430055643489977,
        0.18206218061182708,
        0.2253981260356761,
        0.36065450162398444,
        0.4228114550772669,
        1.6011466866221402,
        0.5022887093495235,
        0.5056906068115712,
        0.4370758291211633,
        0.45903775403344205
      ],
      [
        0.08794724584308863,
        0.12189294344900287,
        0.17457023536114682,
        0.2594586807323431,
        0.34548904204875036,
        0.44167874901156656,
        0.4999871220479361,
        1.8216920380960633,
        0.5523255582853108,
        0.5039455610895243,
        0.4913334493246039
      ],
      [
        0.06979827774155534,
        0.11983815565239718,
        0.19822866092414995,
        0.2665773347943851,
        0.321299654937426,
        0.3838558763463676,
        0.49989695601792056,
        0.560420796380549,
        2.0242475936516193,
        0.6224275187521542,
        0.5601367889322337
      ],
      [
        0.07668715088374546,
        0.11296596267427762,
        0.1783523106989496,
        0.2516901255165301,
        0.30787010348244315,
        0.37767339702412706,
        0.43746358422320414,
        0.5033355837652612,
        0.6216338679585034,
        2.0977396571436833,
        0.5498448939466192
      ],
      [
        0.06410116327232661,
        0.1141647512233537,
        0.19619889790455944,
        0.23554410460867814,
        0.2895656775980749,
        0.3394031161886095,
        0.4579916467016204,
        0.4950250593019283,
        0.5601367889322337,
        0.5498448939466192,
        2.097739657143683
      ]
    ],
    "mean_cross_correlations": [
      [
        3440.39404296875,
        16.240198137329063,
        3.5882539690400983,
        5.089405750605154,
        12.307168292772285,
        12.498437904751677,
        6.288901417086517,
        9.145949341834262,
        7.6063439092966645,
        3.242553923585275,
        6.322085668906116,
        20.59202770645677
      ],
      [
        16.240198137329067,
        37.47026718845333,
        0.37958771067835906,
        0.7198573229716577,
        0.9628019310838272,
        0.6585363485952042,
        5.667021938797159,
        1.6440253075166162,
        0.8735961156523487,
        0.5921827509745431,
        1.6609422254714898,
        0.6070403524485255
      ],
      [
        3.5882539690400983,
        0.37958771067835906,
        31.7371780124672,
        1.9513498180577509,
        3.3100445172169,
        2.267060864140051,
        2.4442914629663917,
        2.475227281316591,
        0.5520105707232242,
        4.26655130335489,
        1.3098859442834492,
        0.6998209303931482
      ],
      [
        5.089405750605154,
        0.7198573229716577,
        1.9513498180577513,
        30.597807207832922,
        1.6617132949040325,
        3.3366172748266893,
        1.9660495933238606,
        1.7807087352313902,
        2.6926122695134045,
        3.0906681042937767,
        0.08647497869338915,
        1.688118526636663
      ],
      [
        12.307168292772285,
        0.9628019310838275,
        3.3100445172169,
        1.6617132949040325,
        30.68604179454421,
        2.5819417383211243,
        0.8535691543094405,
        0.1886261394176182,
        0.027316500569733327,
        0.8759057294524716,
        1.8929578947202799,
        0.1531947618979695
      ],
      [
        12.498437904751677,
        0.6585363485952045,
        2.267060864140051,
        3.3366172748266893,
        2.5819417383211243,
        33.48030243173069,
        1.9639741670121438,
        1.983772346866101,
        -0.03186026738363105,
        2.0101907851766327,
        1.9023315812248267,
        2.0236645055828144
      ],
      [
        6.288901417086517,
        5.667021938797159,
        2.4442914629663917,
        1.9660495933238606,
        0.8535691543094405,
        1.9639741670121438,
        34.08411713947611,
        1.6680165296453677,
        0.02506319206797558,
        0.9777416318788876,
        -0.006014453600875829,
        0.524124927818028
      ],
      [
        9.145949341834262,
        1.6440253075166162,
        2.475227281316591,
        1.7807087352313902,
        0.18862613941761808,
        1.9837723468661006,
        1.6680165296453677,
        33.29160244525404,
        0.9966138992753595,
        1.799488053089058,
        0.8163694658105435,
        -0.0303919828937947
      ],
      [
        7.6063439092966645,
        0.8735961156523487,
        0.5520105707232242,
        2.6926122695134045,
        0.027316500569733327,
        -0.03186026738363105,
        0.02506319206797558,
        0.9966138992753595,
        36.651696179075245,
        2.110167013515257,
        2.0334831538989215,
        0.0424031801603243
      ],
      [
        3.242553923585275,
        0.592182750974543,
        4.26655130335489,
        3.0906681042937767,
        0.8759057294524717,
        2.0101907851766327,
        0.9777416318788873,
        1.799488053089058,
        2.110167013515257,
        33.19722624228049,
        0.23125017945139884,
        -0.012275818858899026
      ],
      [
        6.322085668906117,
        1.6609422254714898,
        1.3098859442834492,
        0.08647497869338915,
        1.8929578947202799,
        1.9023315812248267,
        -0.006014453600875829,
        0.8163694658105435,
        2.0334831538989215,
        0.23125017945139884,
        26.535476527431683,
        0.7353340204090937
      ],
      [
        20.59202770645677,
        0.6070403524485256,
        0.6998209303931486,
        1.688118526636663,
        0.15319476189796957,
        2.0236645055828144,
        0.5241249278180281,
        -0.0303919828937947,
        0.0424031801603243,
